3132742.027	887719.734	0.4869999890
3144160.851	1036945.934	0.4869999890
3232306.027	1422577.165	0.4802995030
3235756.006	1390541.044	0.4869999890
3267511.658	1407951.549	0.4869999890
3282141.196	1437256.370	0.4784469310
3317464.796	1151450.177	0.4869999890
3347448.888	1416788.322	0.4869999890
3351060.790	1471789.062	0.4670000080
3351881.111	1202065.228	0.4869999890
3354697.420	1463877.941	0.4670000080
3357386.435	1236339.321	0.4869999890
3387235.661	1479801.394	0.4670000080
3396846.006	1293853.385	0.4869999890
3413239.878	1371073.777	0.4869999890
3417516.864	1409293.919	0.4869999890
3422714.029	1482521.566	0.4289999900
3460092.135	1461177.201	0.4289999900
3477910.208	1230510.750	0.4869999890
3536368.497	1505705.290	0.4289999900
3539114.708	1409498.413	0.4289999900
3614941.611	1381258.059	0.4289999900
3618338.468	1506136.243	0.4900000100
3625882.692	874470.949	0.4449999930
3663264.968	1499888.000	0.4900000100
3685147.813	1128766.540	0.4449999930
3700582.185	1549864.221	0.4900000100
3705852.154	1280962.494	0.4449999930
3710325.392	1539777.987	0.4900000100
3729980.508	1066500.444	0.4449999930
3785290.856	1535399.560	0.4900000100
3788789.032	1384421.950	0.4449999930
3818555.205	1418969.761	0.4659999910
3845505.977	1461168.013	0.4659999910
3876779.041	1530756.461	0.5640000100
3879718.276	1005011.897	0.4449999930
3890051.214	1471126.903	0.4659999910
3926470.882	1316775.394	0.4449999930
3950381.736	972035.114	0.4449999930
3950659.837	1535586.627	0.5640000100
3950747.358	1537422.439	0.5640000100
3955467.541	1130506.407	0.4449999930
3984726.276	1418243.266	0.4659999910
4014366.574	1475571.262	0.5479999780
4018363.823	1169655.892	0.4449999930
4042386.879	1540455.876	0.5562502150
4058142.907	1427954.664	0.4659999910
4091954.973	1492774.730	0.5479999780
4124606.341	1532124.517	0.5560361150
4136676.679	1471270.516	0.5479999780
4148221.200	1375712.273	0.4659999910
4181694.692	1538080.562	0.5581675170
4291466.532	2684312.616	0.4533826710
4300239.022	2702048.807	0.4729563300
4301902.425	2709631.227	0.5778468850
4335142.787	2682397.489	0.5196890830
4338464.527	2668520.900	0.4537259640
4345046.340	2668911.747	0.5357304220
4345115.897	2652072.292	0.3939663470
4363764.344	2669767.123	0.5297625060
4377545.332	2709884.964	0.5073503260
4399219.073	2639787.902	0.4658628700
4423755.627	2683875.854	0.5000000000
4431813.217	2678473.486	0.4219999910
4483839.648	2720311.448	0.5238071080
4486308.425	2682402.662	0.4801749290
4499307.171	2703364.990	0.4460000100
4507956.138	2657516.905	0.5970268250
4520263.542	2672388.926	0.4219999910
4523939.696	2722551.375	0.5209749340
4527957.041	2694535.028	0.4395194050
4532376.884	2694333.246	0.4998725060
4535301.394	2638669.416	0.5100935700
4545276.272	2664069.413	0.3409999910
4545892.764	2664460.884	0.3409999910
4545922.269	2747686.571	0.5087327960
4546037.201	2794778.216	0.4859912100
4547814.078	2683439.736	0.4956996140
4549838.424	2746545.641	0.5086454150
4550556.820	2622959.523	0.5248669390
4552982.646	2767622.397	0.5084306000
4556778.364	2630262.377	0.5115377310
4559493.062	2697646.993	0.5173276660
4561769.578	2694408.121	0.5106481310
4564250.440	2704524.881	0.5136945840
4566607.556	2651426.651	0.5129473210
4571509.998	2754347.747	0.5080634360
4575024.583	2822753.179	0.4722543360
4579248.125	2795318.291	0.4773797390
4580062.796	2741946.980	0.5080471630
4582088.630	2702916.238	0.5074388380
4590591.174	2688113.229	0.4460000100
4592922.867	2732170.491	0.4829182330
4594454.102	2783623.771	0.5043081640
4595332.325	2708000.784	0.4650000040
4596185.979	2671332.276	0.5141950850
4599481.241	2751968.964	0.4510000050
4602101.688	2616569.394	0.5419999960
4605112.334	2678083.700	0.5210000280
4605485.129	2729283.282	0.5101212260
4605557.254	2763040.180	0.4789622720
4615557.689	2631520.707	0.5264267920
4615651.527	2836489.263	0.4726878700
4617214.946	2723396.766	0.5197911860
4617822.222	2619403.607	0.5404977200
4628977.108	2779883.522	0.4792670310
4632296.599	2800858.207	0.4797586200
4632621.465	2722012.128	0.5112425090
4638067.543	2675396.238	0.5273939370
4638870.683	2807360.658	0.4742616120
4640662.664	2646421.650	0.5341107850
4645612.746	2743539.679	0.4841156010
4651695.449	2624611.890	0.5210000280
4653902.517	2831646.707	0.4893247190
4680916.543	2687809.806	0.5295224790
4685648.522	2789288.706	0.4911573230
4686600.544	2616734.523	0.5477054120
4689771.841	2883929.020	0.5109915140
4690020.413	2639776.673	0.5540273190
4699212.447	2704240.517	0.5212086440
4700160.113	2762046.395	0.5107495780
4704412.594	2847413.992	0.5157667400
4715848.206	2856419.023	0.5187603830
4716691.333	2816710.787	0.4650000040
4717157.597	2713283.745	0.5489917990
4718210.160	2756071.688	0.5212454800
4720614.911	2717987.554	0.5491529110
4735130.311	2691365.438	0.5550000070
4735343.846	2668728.128	0.5607478020
4736831.806	2827498.300	0.5167939660
4737445.037	2784055.866	0.5093420150
4742037.485	2833854.344	0.5171269180
4745713.516	2678227.168	0.5492624640
4754325.495	2750612.787	0.5659999850
4757439.398	2867425.613	0.5236891510
4758836.816	2749105.729	0.5491738320
4759234.608	2740584.334	0.5659999850
4763299.425	2759497.821	0.5391374230
4772603.118	2763786.965	0.5659999850
4774326.087	2819891.255	0.5251814130
4775202.796	2729422.713	0.5000000000
4778361.089	2637502.340	0.5609838960
4787191.955	2766116.419	0.5408270960
4789008.993	2789514.066	0.5257819290
4792129.003	2813219.038	0.5217318530
4793847.326	2807596.902	0.5204556580
4798358.150	2799806.998	0.5179260370
4800645.591	2697712.117	0.5529310110
4806199.651	2783941.453	0.5256896620
4809370.832	2861444.999	0.5180529360
4809751.373	2799137.653	0.5059999820
4809839.135	2770678.962	0.5395228860
4831500.476	2783253.285	0.5313807730
5244871.104	3478054.035	0.4874544140
5252096.756	3310843.078	0.4909999970
5319221.656	3527864.525	0.4867929520
5353356.223	3666878.575	0.4831768270
5380128.791	3453207.049	0.4876580830
5414263.931	3344658.117	0.4779999850
5415959.888	3717892.268	0.4630745950
5432743.203	3774458.986	0.4379999940
5447801.658	3671039.033	0.4771319330
5466214.598	3565695.023	0.4839999970
5484613.486	3468895.812	0.4815532570
5492053.161	3749564.184	0.4538769130
5505992.189	3685731.101	0.4739858510
5510643.522	3526037.333	0.4839999970
5511407.815	3615805.830	0.4795407060
5528039.955	3383032.728	0.4946551320
5555332.972	3577363.546	0.4839999970
5569206.081	3693961.120	0.4520524140
5581897.770	3512169.605	0.4680322410
5585272.488	3546246.130	0.4680111110
5589559.818	3752012.522	0.4609791930
5620420.149	3386736.888	0.4683344360
5620812.203	3609851.794	0.4547708630
5625355.123	3674659.798	0.4377326670
5650221.400	3494700.652	0.4596927460
5656627.629	3421577.918	0.4671738740
5662710.909	3662405.214	0.4377768340
5693963.651	3572393.609	0.4481472070
5697116.612	3380374.992	0.4667412940
5725031.870	3458955.391	0.4659999910
5764074.669	3583387.584	0.4460000100
3806964.559	3133878.447	0.5590000150
3823323.473	3145307.410	0.5658258200
3837581.958	3110383.272	0.5553082820
3876411.018	3110584.887	0.5725845690
3884665.056	3068925.392	0.5361186270
3888087.020	3137511.148	0.5992655160
3923123.812	3091862.230	0.5759999750
3927364.100	3054336.755	0.5493888260
3934670.193	3135626.095	0.5929863450
3936828.999	3101979.859	0.5789695380
3939644.485	3027378.012	0.5555366870
3944676.569	3064208.250	0.5677042600
3952013.315	3084129.385	0.5806438920
3974990.053	3110417.988	0.5831994410
3991639.616	3001541.592	0.5699999930
4000606.705	3069729.579	0.5550249220
4004145.681	3127117.059	0.5667355060
4031345.802	3049339.118	0.5567381980
4042171.882	3052467.635	0.5551649930
4050141.716	3046475.034	0.5385176540
4892197.734	2435605.001	0.5789999960
4952348.215	2378508.208	0.4810000060
4953804.653	2281994.811	0.5680000190
4987289.801	2326500.196	0.4699999990
4998892.171	2344543.465	0.5419999960
5011902.648	2422370.450	0.5770000220
5341321.033	2427149.271	0.5444652440
5348550.109	2407726.602	0.5619999770
5372192.680	2218458.068	0.5400000210
5373942.448	2293813.630	0.5250730510
5383233.459	2395059.593	0.5630000230
5407143.461	2260236.031	0.4140000050
5415351.880	2269229.536	0.4990000130
5417228.302	2331616.975	0.5430833100
5425805.019	2147162.304	0.5320000050
5434799.787	2293455.979	0.4180000130
5440170.945	2221112.490	0.4560000000
5442537.657	2390920.124	0.5652155880
5498402.795	2369679.909	0.5370000000
5500486.694	2236228.523	0.5500000120
5511423.930	2343954.832	0.5453488230
5531913.051	2293322.948	0.3659999970
5545422.346	2228113.789	0.5320000050
5546004.605	2186746.920	0.5159999730
5553340.499	2405417.026	0.5350000260
5581872.694	2250642.946	0.5299999710
5588560.058	2352266.226	0.5220034120
5595530.898	2440917.678	0.5680000190
5597406.409	2191538.795	0.5970000030
5645161.487	2419636.454	0.5266785030
5652269.048	2318745.796	0.5109999780
5681877.214	2270351.241	0.5870000120
5692287.721	2493282.158	0.5427081580
5748119.440	2321786.781	0.5703309770
5768167.510	2406682.862	0.5749999880
5787143.107	2285470.412	0.5678333640
5804632.142	2434880.151	0.5289999840
5805594.560	2454245.432	0.5517439250
2932964.974	1566936.104	0.5569999810
3136370.345	1458576.402	0.4869999890
4631103.599	2466949.850	0.5173358920
4631955.909	2429124.892	0.5517684220
4669551.295	2479807.921	0.5580087300
4676917.417	2390909.235	0.3468435700
4682784.090	2509161.976	0.5156320330
4698823.431	2417329.825	0.5579594970
4707755.399	2443894.932	0.5586507320
4715570.572	2424639.938	0.4460000100
4731163.974	2475575.835	0.5228728060
4738140.133	2350414.385	0.3548354210
4747871.175	2397441.218	0.5588643550
4750946.254	2347617.345	0.3503105340
4756317.477	2503076.303	0.5366938710
4776888.813	2576512.646	0.5676000710
4784002.078	2551343.990	0.5097637180
4785221.820	2541069.718	0.5682819490
4789942.114	2541674.168	0.5682163240
4792476.921	2532588.518	0.5682181120
4797444.160	2310341.171	0.4903083440
4810624.252	2595261.659	0.5532160400
4817752.153	2235979.143	0.5626575950
4818755.678	2507586.868	0.4878284040
4818976.818	2346298.707	0.4837573770
4830818.449	2291504.488	0.5370662210
4836097.852	2164361.347	0.5162405970
4841854.575	2288971.857	0.5000172850
4845216.343	2251253.034	0.5288439990
4853803.693	2557850.664	0.5449368950
4879643.348	2557100.273	0.5483350750
4883441.058	2524885.154	0.5521199110
4886594.964	2210429.946	0.5711943510
4891083.107	2268851.859	0.5753707890
4927843.429	2245673.531	0.5737155080
4949656.776	2483770.056	0.5455053450
4984553.106	2206635.708	0.5798131230
4989838.480	2526285.986	0.5399325490
5000469.634	2199242.905	0.5855742690
5004427.993	2489597.904	0.5358245970
5009984.330	2524769.112	0.5406346320
6370772.749	1597810.801	0.5070000290
6389748.600	1588208.594	0.5075808170
6439271.724	1667957.654	0.5389999750
6446766.249	1669465.800	0.5389999750
6466037.817	1645504.444	0.4900000100
4492814.512	2997738.846	0.5159999730
4514689.985	2953981.139	0.4900000100
4528806.015	3015415.550	0.5030000210
4558000.215	3035532.392	0.5040000080
4564686.934	2966955.764	0.5159999730
4585112.543	2890213.559	0.4650000040
4598769.223	2935446.676	0.4970000090
4599630.995	3056167.270	0.4530000090
4606489.541	3071394.273	0.5279999970
4616719.668	3046895.184	0.5080000160
4625466.531	3007470.442	0.4939999880
4637319.091	2907884.363	0.5070000290
4639804.287	2998069.651	0.5159999730
4645682.176	3010546.055	0.5279999970
4674616.590	3084913.881	0.5189999940
4688394.842	2952769.545	0.4920000140
4707251.353	2995238.758	0.5329999920
4717405.105	2908757.930	0.5099999900
4724568.193	3079278.458	0.5789999960
4731990.035	3005454.034	0.5519999860
4737310.791	2957503.113	0.5109999780
4755435.938	2975928.140	0.5019999740
4766596.584	2913377.823	0.5299999710
4766903.961	2881770.513	0.5230000020
4768408.812	2906083.526	0.5299999710
4769975.824	3045800.763	0.5350000260
4780588.293	3005762.341	0.5080000160
4808312.760	2915154.236	0.5230000020
4822115.824	2972312.361	0.5000000000
4827809.386	3032954.059	0.4449999930
4857585.168	2949705.641	0.5490000250
4863136.323	2991283.539	0.5049999950
4870157.651	2939805.634	0.5379999880
4905298.171	2986196.492	0.5180000070
4931027.279	2972590.499	0.4679999950
4204981.173	3657412.934	0.5630819800
4211580.803	3735099.955	0.5759999750
4266085.615	3688084.244	0.5379999880
4268626.706	3626263.175	0.5481754540
4274108.875	3570039.829	0.5590000150
4294287.748	3710044.323	0.4946058390
4311898.750	3777501.019	0.3829999860
4329429.575	3664388.429	0.5314923520
4342083.147	3597667.823	0.5460000040
4358774.606	3848435.265	0.4553831820
4375464.540	3626922.164	0.5386915210
4405825.760	3572443.011	0.5385891800
4406701.894	3526080.202	0.5256003740
4446742.264	3497312.500	0.5199837680
4488034.763	3615258.987	0.5540000200
4623648.232	3587235.422	0.5495628120
5770174.771	1092602.499	0.3160000150
5845534.497	844182.639	0.3729999960
5971026.963	1108793.298	0.3729999960
6092844.480	1103412.496	0.3729999960
6193882.601	824875.975	0.3729999960
6230619.810	1154888.887	0.5070000290
6287617.542	1081813.691	0.4760000110
6327257.077	1222804.125	0.5009999870
6376908.755	843883.256	0.4760000110
6393504.372	1077873.117	0.4760000110
6440709.776	1224937.957	0.5009999870
6459737.524	1151607.988	0.4760000110
6529497.781	1057332.595	0.4760000110
6592224.914	999592.460	0.4760000110
6593751.944	1247741.229	0.5009999870
6616775.317	1122004.340	0.4760000110
6653404.727	938413.668	0.4760000110
5009577.909	3977446.864	0.5899999740
5145582.579	4118187.437	0.4339999850
5161127.250	4009594.618	0.4300000070
5242649.615	4110349.817	0.4465862810
5293255.429	4025784.901	0.4210000040
5321696.777	3980948.435	0.4480000140
3449312.820	4428363.279	0.5630000230
4754283.831	5136381.644	0.3140000100
4895346.961	5039953.194	0.4059999880
4921365.267	4226437.606	0.5989999770
4937015.676	4916380.926	0.4059999880
4958685.264	4127147.656	0.5507465000
4975949.665	4363550.891	0.4339999850
4977923.811	4505360.591	0.4190000000
4979250.453	5261748.176	0.3140000100
5022517.443	4908628.175	0.4009999930
5034012.870	5002801.854	0.4059999880
5038470.917	4625394.399	0.4190000000
5040122.680	4453260.175	0.4339999850
5052697.779	4260808.670	0.4339999850
5096564.873	4387274.908	0.4339999850
5105733.330	4795255.839	0.4009999930
5118550.518	4532965.971	0.4190000000
5127539.641	4456898.857	0.5099999900
5136779.121	4968460.444	0.4059999880
5143214.292	4222448.246	0.4322657290
5162364.002	4300921.806	0.4339999850
5200909.091	4766606.541	0.4086549880
5232669.105	4309861.548	0.4771899280
5378043.559	4566596.369	0.4367104470
3216124.583	2931140.073	0.5029973980
3230231.477	2878736.210	0.5008072850
3234044.991	2911514.322	0.5038779380
3251316.339	2847050.719	0.4905234580
3257164.045	2901172.237	0.5040000080
3262109.282	2918370.671	0.5139999990
3269719.060	2863306.688	0.4860000010
3272897.258	2942560.121	0.4998743530
3282585.474	2922674.900	0.4860000010
3297034.841	2946356.367	0.4982583820
3312475.017	2818887.246	0.4887177940
3319179.498	2830854.254	0.4860000010
3326508.014	2775739.952	0.4919158820
3336791.493	2939423.855	0.5438830260
3337812.901	2947134.247	0.5467457770
3369781.738	2803109.458	0.5030000210
3376123.494	2327638.733	0.5979999900
3377037.235	2907188.554	0.5040000080
3381923.225	2698265.721	0.4872860910
3389477.680	2333975.949	0.5360000130
3393769.718	2757214.073	0.4875176850
3405749.469	2764239.436	0.4830000100
3427529.926	2436348.405	0.4620000120
3430277.279	2352848.119	0.5120000240
3430561.818	2458357.426	0.5009999870
3434547.986	2903364.026	0.4920000140
3438049.295	2446171.093	0.4740000070
3440622.374	2615920.320	0.5003666280
3444007.992	2739617.757	0.4889999930
3450321.992	2842117.594	0.4900000100
3453836.341	2687399.786	0.4900000100
3459526.793	2627642.345	0.5199999810
3462283.020	2624220.979	0.5199999810
3464429.681	3026774.412	0.5252842900
3477387.819	2473684.431	0.4970000090
3477901.610	2311580.111	0.5109999780
3478890.594	2370465.622	0.5180000070
3496820.347	3012718.387	0.5279999970
3508521.519	2285180.492	0.5180000070
3518959.265	2561486.655	0.4939999880
3522054.648	2634015.976	0.4990000130
3522955.228	2826830.835	0.5880000000
3523612.503	2764499.311	0.4970000090
3561506.198	2950413.844	0.5009999870
3563529.903	2334322.936	0.5270000100
3569312.270	2387472.017	0.5070000290
3571726.595	2459719.477	0.4979999960
3580354.801	2657296.783	0.4970000090
3590456.716	2807620.863	0.4959999920
3591536.825	2863618.602	0.4990000130
3595699.437	2253835.605	0.5180000070
3604205.872	2981355.884	0.5150588750
3605527.648	2983985.362	0.5148923990
3609020.728	2964410.895	0.5189999940
3623107.552	2309606.783	0.5149999860
3623167.184	2747087.803	0.5059999820
3625078.789	2319059.727	0.5210000280
3629835.933	2363930.722	0.5189999940
3636593.720	2568104.130	0.5120000240
3639964.205	2443015.528	0.5019999740
3650966.344	2486645.141	0.5080000160
3662466.864	2768594.265	0.5070000290
3663154.906	2183768.114	0.5920000080
3679593.153	2809510.965	0.5009999870
3680564.691	2917335.243	0.4679999950
3682343.911	2957289.142	0.5180000070
3682894.131	3018721.484	0.6079999800
3687502.462	2344886.035	0.5199999810
3692154.285	2674487.119	0.5030000210
3693476.925	2595191.672	0.5099176760
3693531.010	2724678.752	0.5230000020
3693682.402	2852479.762	0.4930000010
3694431.715	2266299.805	0.5149999860
3708257.696	2797445.742	0.5070000290
3722095.032	2395599.617	0.5749999880
3722386.629	2451159.964	0.5049999950
3728190.667	3078556.660	0.4970000090
3729304.386	3102907.368	0.4977912310
3734708.799	2882944.073	0.5080000160
3736459.623	2208863.516	0.4839999970
3738810.575	3034963.851	0.4970000090
3741126.760	2690452.835	0.4920000140
3742135.996	2879532.232	0.5080000160
3748635.285	2880705.682	0.5080000160
3751186.683	2956341.766	0.4979999960
3753724.142	2227456.403	0.5031684040
3755907.303	2182568.276	0.4937704210
3759246.306	2885740.020	0.5080000160
3761468.461	2873763.458	0.5379999880
3761820.218	2360334.637	0.5120000240
3762567.521	2688463.718	0.5090000030
3767439.013	2901108.407	0.5080000160
3775733.200	2905659.679	0.5080000160
3777388.202	2931964.784	0.5299999710
3780885.252	2269332.861	0.5245732670
3781904.654	2859752.088	0.5070000290
3784927.717	3132983.839	0.5400967600
3788346.847	2543860.555	0.5210000280
3797499.860	2678203.925	0.5199999810
3806692.295	2356495.454	0.5230000020
3809275.462	2275955.458	0.5345623490
3811309.351	2584158.787	0.5260000230
3829701.659	2460702.777	0.5180000070
3832618.259	2293875.594	0.5619999770
3832728.310	2989916.750	0.4939999880
3832748.565	3073942.777	0.5130000110
3833008.328	3034599.726	0.5028051140
3837852.110	2764038.320	0.5049999950
3861539.495	2607209.682	0.5239999890
3870368.826	2311105.014	0.5110518340
3870575.194	2322064.366	0.5040000080
3872875.199	2397706.220	0.5070000290
3875067.035	2508111.994	0.5090000030
3877894.994	2819051.123	0.4979999960
3888737.196	2927718.137	0.5139999990
3902163.055	2400205.485	0.5249999760
3908507.300	2350837.355	0.4919843080
3910410.352	2282169.142	0.4928085510
3910546.810	2324386.974	0.4876718520
3920138.950	2589981.555	0.5350000260
3924629.554	2343269.121	0.4749999940
3925370.049	2290062.364	0.4921048580
3926643.803	2525893.436	0.5210000280
3933859.574	2271564.596	0.4950000050
3935433.766	2977306.230	0.5239999890
3938051.670	2525272.367	0.5310000180
3945515.741	2848163.318	0.5189999940
3949326.720	2696005.452	0.5049999950
3953516.996	2483893.079	0.5270000100
3958764.083	2551607.756	0.5239999890
3972010.177	2758753.769	0.5149999860
3973959.115	2670299.073	0.5400000210
3977966.637	2630173.845	0.5270000100
3989174.809	2230373.104	0.5170000200
3989599.144	2227942.277	0.5170000200
3994549.949	2465159.307	0.5270000100
3999021.467	2336595.507	0.5099999900
3999631.481	2511566.888	0.6050000190
4006395.254	2228721.429	0.5053411720
4017238.672	2689861.098	0.5320000050
4022840.832	2837794.062	0.5226280690
4027407.305	2259673.008	0.5149999860
4032333.198	2220790.205	0.4799999890
4037939.993	2891735.102	0.5289999840
4042660.076	2390292.256	0.5440000300
4042846.172	2848612.107	0.5189999940
4046059.136	2881470.461	0.5339999790
4048456.601	2748156.977	0.5070000290
4057274.386	2794833.396	0.5189999940
4068255.087	2505398.244	0.5880000000
4074221.206	2275710.343	0.5120000240
4086700.381	2729344.326	0.5120633840
4095265.626	2286349.212	0.5559999940
4127144.249	2760590.256	0.4950000050
4133717.349	2725338.081	0.5139999990
4146724.899	2828886.212	0.5109999780
4205827.026	2091433.896	0.5423881410
4220395.941	2091183.850	0.5460000040
4221255.457	2158149.553	0.5350000260
4232276.352	2170341.134	0.5332388280
4245409.500	2044537.093	0.5310000180
4251976.596	2030634.622	0.5233369470
4267996.381	2055559.023	0.5366129280
4268527.543	2211096.442	0.5241576430
4270772.344	2091309.932	0.5389999750
4278291.941	2160440.816	0.5210000280
4278602.633	2188312.294	0.5274692770
4282914.033	2128491.736	0.5303469300
6876915.644	2607078.836	0.5523914100
6927327.939	2707115.448	0.5460000040
6952465.508	2753091.571	0.4850948450
6981640.938	2658232.895	0.4930000010
6999915.357	2714781.118	0.4930000010
7073194.502	2791915.605	0.4930000010
7105884.930	2694727.579	0.4699522260
7107317.200	2733162.191	0.4727655950
7153200.932	2780147.010	0.4578463730
4046096.671	3081962.120	0.4959999920
4063214.124	3186923.124	0.5444817540
4079729.096	2913250.356	0.5130000110
4080838.383	2965157.721	0.5230000020
4086259.267	3085545.227	0.4979999960
4095498.443	3135249.703	0.5199999810
4098131.484	3033060.038	0.5090000030
4107264.058	2934338.311	0.5070000290
4108510.183	2965832.395	0.5260000230
4109974.993	3147625.495	0.5130000110
4110951.453	2904521.318	0.5159999730
4111467.713	3010241.003	0.5120000240
4111991.255	3223643.464	0.5189999940
4121591.571	3087774.694	0.5189999940
4123370.069	3072853.997	0.5989999770
4124859.247	2985601.918	0.4860000010
4128640.103	2957638.643	0.5081352000
4132871.446	3404730.324	0.5989999770
4136623.151	3368007.547	0.5799999830
4137756.863	3270894.152	0.5210000280
4142536.827	3246587.901	0.5328828690
4149259.709	3036689.101	0.5230000020
4156954.998	3129192.659	0.5279999970
4159302.530	2769383.963	0.5159999730
4160415.239	2808269.741	0.5180000070
4163539.907	3227317.655	0.5080000160
4166358.907	3384967.768	0.5467542410
4171349.045	2754213.046	0.4480000140
4173977.658	2987706.508	0.5080000160
4174307.301	3165763.463	0.4939999880
4177262.094	3063661.379	0.4939999880
4183888.339	3454945.263	0.5899999740
4184244.424	2920681.168	0.4790000020
4187842.629	3239600.070	0.5139999990
4198445.038	3343219.598	0.5070000290
4203838.857	2816428.492	0.4909999970
4204043.192	3202094.983	0.5070506330
4209168.422	3276173.120	0.5080000160
4210371.718	3012780.983	0.4499999880
4214958.965	3120234.520	0.4920000140
4215990.860	2934799.415	0.5159999730
4219688.733	3546809.181	0.5849999790
4220726.276	2994027.949	0.5159999730
4225422.285	3055127.032	0.5159999730
4227058.597	3381538.603	0.5019999740
4227856.772	2777058.814	0.4659999910
4229912.529	3470529.517	0.5659999850
4233072.046	3407403.482	0.5087891820
4233914.171	2997497.036	0.5130000110
4235348.561	3221861.470	0.4979999960
4235470.331	3418490.396	0.4939999880
4237998.598	2873249.022	0.5009999870
4240491.194	3186532.598	0.5099999900
4240527.691	3327503.140	0.4979999960
4240980.860	2910266.153	0.5210000280
4246606.115	2786032.282	0.4751979110
4253451.361	3522074.315	0.4839999970
4256087.238	2956401.972	0.5030000210
4256611.765	3440416.947	0.4839999970
4258442.443	3241916.426	0.5099999900
4259644.324	2730303.538	0.5270000100
4259664.917	3154739.596	0.5030000210
4262249.883	2858098.823	0.5049999950
4263302.737	2841411.303	0.4900000100
4263876.094	3371411.346	0.5109999780
4270490.040	3195422.159	0.5070000290
4270815.913	3111971.086	0.5277625320
4280380.001	2989524.706	0.5310000180
4282471.451	3260221.884	0.5045956370
4282640.998	3132261.849	0.5279999970
4285781.507	2900521.591	0.5109999780
4288859.161	3525400.081	0.4854600730
4289654.320	3484597.715	0.4779999850
4290621.252	3467898.497	0.4909999970
4291861.053	3491995.062	0.4779999850
4292569.515	3430783.588	0.4900000100
4300611.258	3261972.189	0.5030000210
4302217.491	3082090.123	0.5320000050
4307561.521	3317587.238	0.5109999780
4311177.756	2839268.389	0.4869999890
4313297.345	3402883.773	0.4970000090
4314806.857	2789244.272	0.5108070970
4316502.822	3300878.959	0.5058988330
4317294.865	2807758.957	0.5139999990
4317452.325	3043124.033	0.4690000120
4317527.974	3154369.803	0.5159999730
4318581.621	2918930.816	0.5380940440
4318600.644	2961565.284	0.5080000160
4321000.000	3391749.218	0.5009999870
4322078.765	3503032.673	0.4959999920
4322131.554	3276763.271	0.5009999870
4326943.811	3013461.625	0.5109999780
4330748.325	3475222.045	0.4950000050
4333330.519	3312020.322	0.5060434940
4342400.642	2698529.330	0.5559999940
4343039.878	3143290.718	0.5040000080
4343864.650	3451163.256	0.5130000110
4346023.847	2733732.531	0.5180000070
4348157.845	3050613.135	0.5109999780
4351698.143	3243475.779	0.4930000010
4362450.600	3180496.060	0.5090000030
4363541.537	3187926.710	0.4350000020
4366453.587	3366000.954	0.4959999920
4367111.011	3412381.412	0.4979999960
4372458.336	2852465.806	0.5049999950
4373830.015	3193587.782	0.4760000110
4375225.694	3060091.854	0.4799999890
4378817.555	3442179.705	0.5699999930
4384235.417	2785892.529	0.5127320290
4385921.958	2747013.116	0.5107319950
4386889.077	2974943.154	0.5149999860
4388108.816	2772978.751	0.5130000110
4388883.536	3097333.283	0.4810000060
4389879.105	3021331.035	0.5030000210
4390069.858	3492414.105	0.5000000000
4391325.473	2813767.925	0.5180000070
4391729.153	2878633.583	0.5170000200
4395252.862	2700836.706	0.3409999910
4397145.676	3318162.640	0.4979999960
4397206.738	2743456.131	0.4679999950
4399434.531	3171666.521	0.4880000050
4399482.211	2932485.021	0.4990000130
4399701.719	3433209.215	0.4900000100
4401155.192	2901004.979	0.5068390370
4401407.910	3043744.678	0.4920000140
4401446.865	2708322.627	0.5000000000
4401960.713	3229206.008	0.4880000050
4410558.463	2845556.760	0.5107735990
4411497.770	3142190.261	0.5059999820
4412476.070	3394480.554	0.4970000090
4416033.411	3268408.149	0.5059999820
4426005.578	2871775.452	0.5000000000
4430548.313	3226034.967	0.4930000010
4436418.532	2781182.617	0.5019999740
4437630.426	3311537.410	0.4950000050
4449703.596	3052138.118	0.4909999970
4449838.696	3358233.458	0.4920000140
4454413.637	2807539.424	0.5049999950
4455128.746	3024457.261	0.5109999780
4456340.895	3158034.032	0.5130000110
4456453.790	3109800.175	0.4769999980
4457021.648	3454913.740	0.4900000100
4458826.655	2926270.573	0.5190764070
4460021.112	3390057.186	0.4889999930
4461902.700	2993102.226	0.5059999820
4468507.094	3254845.291	0.5000000000
4471025.521	3425652.395	0.5086197850
4471107.475	3087948.594	0.4920000140
4472394.068	3043469.279	0.5070000290
4472440.166	2733884.711	0.4460000100
4474525.267	2884060.949	0.5279999970
4476336.397	3147475.984	0.4920000140
4478611.856	2952785.844	0.5189999940
4483474.036	3316554.280	0.4860000010
4489454.568	3136761.684	0.5170000200
4489930.336	3225844.813	0.4979999960
4497719.770	3472967.794	0.4880000050
4497864.495	3382026.091	0.4979999960
4503422.895	3200330.341	0.4920000140
4506583.516	2799785.255	0.5139999990
4506881.083	3039022.614	0.4639999870
4509452.891	2861062.256	0.5019999740
4510496.179	3313819.548	0.4850000140
4510539.365	2755436.395	0.5090000030
4523046.486	3080451.175	0.4880000050
4529742.548	3257047.652	0.4909999970
4530543.627	3039921.868	0.3980000020
4537132.777	3136703.291	0.5009999870
4539409.677	3393015.732	0.5440000300
4539531.592	3188785.919	0.4956696630
4542413.261	3513860.374	0.5789999960
4543374.154	3448910.233	0.4889999930
4543712.686	3064598.947	0.4749999940
4545187.976	3267014.237	0.4979999960
4545811.867	3278183.447	0.4900000100
4547364.620	3478818.630	0.4900000100
4548628.924	3361877.390	0.4909999970
4549713.598	2894155.553	0.4510000050
4551975.914	3267326.992	0.4979999960
4552846.974	3272938.630	0.4979999960
4557407.243	2885205.980	0.5049999950
4560347.107	3258432.775	0.4900000100
4561125.189	3222693.201	0.4939999880
4568324.469	2831904.518	0.5009999870
4568892.936	3177145.014	0.5000000000
4576214.492	3467289.879	0.5730000140
4583009.566	3363620.571	0.4799999890
4585623.882	3075853.594	0.4690000120
4585684.017	3120422.565	0.4860000010
4589149.050	3412263.842	0.4909999970
4589201.295	3332367.597	0.4920000140
4602188.027	3242061.271	0.4830000100
4617244.296	3099863.269	0.5000000000
4618690.176	3194700.685	0.4979999960
4629414.874	3280847.956	0.4900000100
4666930.262	3129006.660	0.4900000100
2937045.575	1592750.303	0.5400000210
5174602.647	1891868.072	0.5770000220
5245058.093	1734220.070	0.5920000080
5261363.822	1792238.227	0.5815509560
5278837.467	1999599.455	0.5939999820
5316365.898	1722167.716	0.5690000060
5323260.170	1989629.100	0.5970211630
5369050.192	1609323.937	0.5559999940
5387581.469	1925286.656	0.5870000120
5393589.837	1639186.973	0.5609999900
5398108.931	1844865.933	0.6250000000
5419111.374	2029763.606	0.5669999720
5420068.121	1695562.783	0.5899999740
5494858.022	1568388.940	0.5389999750
5511541.537	1770992.477	0.6007111070
5533357.744	1737534.367	0.6019999980
5546481.831	2105844.913	0.5659999850
5575525.724	1884072.104	0.5910000210
5607019.327	1498939.211	0.6060000060
5614568.574	1638604.384	0.5774633880
5620495.088	2000169.402	0.5709999800
5658068.397	2113673.666	0.5479999780
5689398.865	1696480.951	0.5860000250
5705662.712	1501149.648	0.6110000010
5729452.814	1844051.633	0.6259999870
5753626.451	1932383.249	0.5509999990
5810429.222	1790257.652	0.5109999780
5843363.875	1693941.366	0.6354122760
5880111.122	1547799.475	0.5751752850
5940971.400	1673367.520	0.5970000030
4801930.628	2665295.941	0.5550000070
4816091.861	2752070.573	0.5659999850
4822601.446	2706156.327	0.5460000040
4839104.698	2663015.615	0.5458343630
4855946.580	2618078.204	0.5350000260
4865042.133	2779020.128	0.5289999840
4868843.551	2645352.863	0.5350000260
4888623.769	2705030.725	0.5260000230
4907760.344	2753599.690	0.5315148830
4915255.879	2692900.258	0.5490000250
4922973.474	2617335.003	0.5699999930
4933368.250	2678078.852	0.5270000100
4944713.520	2761375.665	0.5204409960
4958093.482	2578308.062	0.5410000090
4964598.323	2774858.324	0.5256468060
4972939.148	2712381.242	0.5278145070
4998162.266	2648196.117	0.5370000000
5012233.649	2745138.429	0.5109999780
5016023.645	2605572.968	0.5759999750
5027689.995	2823747.488	0.5307915810
5061908.779	2693604.211	0.5213645100
5068223.128	2801084.229	0.5130000110
5094862.881	2808533.547	0.5180000070
5095415.870	2720605.693	0.5189999940
5096959.110	2874415.724	0.5195575950
5098004.921	2623667.879	0.5289999840
5117223.565	2783635.682	0.5209708210
5120063.025	2834664.282	0.5270000100
5172446.691	2683108.009	0.5120000240
5191767.016	2776186.669	0.5210000280
5204462.423	2832726.219	0.5590000150
5217601.667	2883792.755	0.5251024960
7186992.715	2474899.600	0.4790000020
7268463.456	2414010.900	0.5680000190
7315163.099	2325277.330	0.5680000190
7391408.035	2419403.500	0.5680000190
7406510.039	2259638.593	0.5680000190
7416060.964	2340005.720	0.5680000190
7435065.492	2487346.290	0.4930000010
7440193.433	2645783.740	0.4887797240
7473885.524	2232167.845	0.5680000190
7494461.436	2456417.490	0.4779999850
2948904.234	3395124.593	0.5170000200
3035821.377	3638004.374	0.4760000110
3058855.665	3453559.003	0.4659999910
3063124.857	3354097.995	0.4600000080
3077229.124	3344663.628	0.5559999940
3084165.840	3564526.475	0.5479999780
3100060.938	3581481.461	0.4289999900
3136629.574	3477560.354	0.5659999850
3182095.242	3518056.878	0.5370000000
3233704.718	3716417.266	0.4720000030
3236132.276	3478338.543	0.4280000030
3251333.777	3490115.655	0.4589999910
6656846.211	1375168.639	0.5009999870
6664386.205	1377686.890	0.5009999870
6677180.214	1295209.365	0.5009999870
6689287.461	1498356.404	0.5279999970
6739776.207	1119910.309	0.4760000110
4114503.768	2517078.201	0.3400000040
4126035.346	2344123.407	0.4620000120
4136097.230	2457411.097	0.6000000240
4141979.652	2438446.390	0.5099999900
4147704.554	2366921.111	0.4827310440
4164696.463	1942364.484	0.5490000250
4173528.499	2318192.121	0.5849999790
4175554.970	1950081.520	0.5580000280
4188237.843	1851231.145	0.5204740760
4228224.355	2367678.894	0.6250000000
4231411.049	1807307.316	0.4925726350
4236408.602	2382718.922	0.4889999930
4239368.239	1795471.226	0.5509999990
4262902.853	2483361.949	0.6119999890
4264850.324	2482177.622	0.5469999910
4268820.527	2357527.384	0.5320000050
4272792.222	1841838.232	0.4250000120
4278675.822	1779245.432	0.4451778830
4280093.295	1978052.309	0.4790000020
4296337.284	1871147.971	0.5699999930
4297589.016	2506059.927	0.5759062170
4299900.878	2421997.658	0.5509999990
4306281.666	2328545.828	0.4910594220
4343208.606	2478310.101	0.4922713340
4352968.724	2286113.045	0.5139999990
4353858.501	2180867.216	0.5109999780
4361778.560	2627765.689	0.5033897160
4364493.294	2483734.341	0.5019999740
4377082.176	2342870.316	0.4490000010
4388976.606	2475478.049	0.5389999750
4400904.190	2561293.574	0.4219999910
4407949.327	2183240.804	0.5246288180
4417391.035	2143180.968	0.5350000260
4417783.526	2300701.969	0.5003098250
4419169.653	2298152.409	0.5004113320
4423524.741	2595034.751	0.6250000000
4424528.636	2381165.632	0.5630000230
4448767.468	2413077.518	0.5103702550
4448770.654	2412922.251	0.5103477240
4458794.146	2577971.504	0.4286434050
4471096.371	2263098.125	0.5505419970
4473317.385	2105077.262	0.5258479710
4485325.388	2510178.567	0.5249999760
4486539.216	2345590.860	0.5720834140
4490563.722	2626963.689	0.5984811780
4490620.414	2150427.256	0.5279999970
4490844.408	2150710.276	0.5279999970
4491402.015	2506655.896	0.5249999760
4497963.776	1529453.606	0.4950000050
4504138.191	2372873.383	0.5732200150
4504486.781	2349308.093	0.5569999810
4504591.393	2111506.971	0.5429999830
4505048.543	2491003.658	0.5789999960
4507738.061	2080232.682	0.5619999770
4507740.936	2483094.443	0.5789999960
4522487.188	2550226.231	0.4009999930
4522487.188	2550226.231	0.4009999930
4525828.642	2064797.491	0.5529207590
4529005.634	2097508.335	0.5460000040
4530904.549	2327508.939	0.6169999840
4536432.817	2082034.710	0.5509999990
4541633.420	1651945.462	0.5649999980
4542069.254	2271582.167	0.4821577970
4542514.767	2271598.379	0.4821656940
4548233.525	2103346.916	0.3560000060
4557456.797	2545999.039	0.5189999940
4560912.372	1386820.907	0.4815556110
4564657.875	2054495.006	0.4329999980
4571164.080	1984130.272	0.5649999980
4591051.083	2530158.054	0.5497968790
4592826.619	2284734.392	0.5630000230
4594430.676	1683552.712	0.4798748490
4596201.342	2605772.792	0.5346475240
4596423.868	2605783.541	0.5347862840
4596852.361	2066338.122	0.4460000100
4599488.225	1609914.487	0.3560000060
4599601.933	1741584.423	0.5440000300
4613442.179	2514517.617	0.5740000010
4620738.407	2104908.989	0.4099999960
4625879.588	1633426.889	0.4110000130
4625879.588	1633426.889	0.4110000130
4665164.413	2004938.082	0.5239999890
4666466.214	2157593.292	0.5929999950
4678214.867	1949987.062	0.5715278980
4684047.897	1986489.918	0.5640000100
4699581.078	1566535.876	0.5270000100
4699583.237	1566491.892	0.5270000100
4701788.159	1620703.119	0.4110000130
4710552.724	2063320.023	0.5450000170
4736412.177	2113363.776	0.5310000180
4738193.428	1960117.326	0.5310000180
4747555.243	1735339.488	0.2879999880
4759402.337	1606373.276	0.5433556440
4762497.756	2009768.650	0.5410000090
4765845.166	1558369.982	0.1379999970
4772099.653	1613956.088	0.5475431680
4773755.916	1896046.490	0.5260000230
4778207.155	1761693.739	0.4373084600
4783399.642	1528584.390	0.5120000240
4793990.127	1571226.854	0.5341084000
4799183.839	2066560.378	0.5540000200
4810076.866	1697602.358	0.6069999930
4817531.318	2086884.408	0.4968761210
4819847.421	1683582.742	0.5557880400
4829417.046	1852138.188	0.2610000070
4835935.632	1908522.564	0.4757411480
4835935.632	1908522.564	0.4757411480
4865124.566	1780228.435	0.5600000020
4875316.283	1828154.398	0.5260000230
4875316.283	1828154.398	0.5260000230
4890569.849	2029709.344	0.4420000020
4896300.161	1782527.455	0.3799999950
4900696.758	2028259.294	0.4420000020
4907378.214	1951994.128	0.4958650470
4908326.244	1990079.167	0.3095354140
4995525.314	1986821.280	0.5210000280
5015584.876	1942062.030	0.5419999960
5037597.730	1896982.546	0.5059999820
5048748.658	1931535.406	0.3919999900
6733304.417	1465128.032	0.5009999870
6744440.287	1121460.556	0.4760000110
6744461.174	1292807.014	0.5009999870
6762674.455	1409428.754	0.5009999870
6770834.380	1381266.683	0.5009999870
6774758.425	1458373.038	0.5009999870
6799193.317	1211236.665	0.4760000110
6858958.151	1469361.208	0.5279999970
6943848.236	1536626.164	0.4630000000
7013727.920	3703846.972	0.3499999940
7026340.471	3925496.820	0.3339999910
7070621.798	3504302.491	0.3950000110
7082503.898	3819797.114	0.3378704190
7160604.078	3879477.879	0.3319941760
7171855.967	3394018.562	0.3950000110
7192381.098	3736360.961	0.3300000130
7309965.590	3551605.525	0.3759999870
7348921.427	3231643.239	0.4699999990
7356261.670	3854202.524	0.2910000090
7414619.189	4073745.944	0.3000000120
7488726.622	3967835.354	0.2962702510
4997227.318	3760930.912	0.4819999930
5067134.708	3915762.506	0.4880000050
5083274.316	3797808.200	0.4585215450
5166367.801	3840672.596	0.4357859490
5333991.312	3936731.810	0.4289999900
5352040.519	3767946.675	0.4429999890
6661692.894	1587830.142	0.4550000130
6669668.056	1664547.479	0.4550000130
6693965.306	1599080.308	0.5279999970
4271952.474	795888.951	0.3759999870
4415463.858	985366.197	0.4510000050
4518591.124	1098538.345	0.3569999930
4565277.940	1012413.996	0.4490000010
4614069.105	1081636.339	0.4690000120
4671338.702	830930.714	0.3490000070
4729949.142	1079815.173	0.4539999960
4802483.244	1060431.328	0.4769999980
4957806.177	938711.416	0.3790000080
5301356.623	1074714.553	0.4259999990
5308390.328	923237.444	0.4000000060
5444562.813	1172592.763	0.4269999860
5510376.256	1181177.316	0.4269999860
5647892.130	1128914.336	0.3160000150
5744104.753	885616.930	0.3729999960
4284552.516	2668611.804	0.5979999900
5014980.137	3679077.191	0.5780000090
5088459.670	3677061.599	0.5217866900
5149005.358	3725767.623	0.4550000130
5202932.605	3615786.799	0.4339999850
5230891.908	3770628.395	0.4449999930
5288597.240	3604793.291	0.4630000000
5297359.906	3707520.663	0.4589999910
4047695.188	2951920.868	0.5158262250
5230113.746	2065150.448	0.5882403250
5285882.929	2170612.959	0.5642642970
4729664.845	1433082.524	0.5186023120
5747511.026	2840159.302	0.5180000070
5040579.415	2185638.445	0.5852181910
5053837.179	2228129.097	0.5509999990
5072985.212	2156017.844	0.5860000250
5078876.299	2296359.507	0.5680000190
5083338.201	2187056.670	0.5709999800
5085220.585	2194726.890	0.5709999800
2600223.277	1156913.592	0.5440000300
2675682.168	1358848.842	0.5440000300
2679044.188	1335522.659	0.5440000300
2692895.384	1059113.397	0.5569999810
2767958.559	1203340.569	0.5569999810
2768648.537	1392213.851	0.5440000300
2782064.334	1218996.024	0.5569999810
2849187.142	1499976.715	0.5473605990
2878128.364	1350275.423	0.5569999810
2879435.643	1557778.922	0.5471856000
2922793.402	1485821.381	0.5569999810
2927818.498	1532000.489	0.5486885310
2928477.753	1345808.821	0.5569999810
2929144.625	1206000.097	0.4869999890
2947370.829	1118957.691	0.4869999890
3023562.875	1359448.167	0.4869999890
3053809.391	1461922.756	0.5178865190
3125986.067	1426881.935	0.4591088290
3221570.337	1389023.244	0.4869999890
3876376.284	3167351.898	0.6269999740
3892733.668	3141742.468	0.6005932690
3897094.315	3175011.016	0.6155717970
3917716.772	3225295.094	0.6068927050
3939722.270	3220136.817	0.6045923230
3940310.332	3243514.789	0.6110000010
3954914.240	3279810.977	0.5915524960
3966076.021	3257811.032	0.5923082230
3970130.857	3173779.219	0.5873218770
3970365.373	3325751.077	0.5799999830
3972600.543	3218705.579	0.5875386000
3981418.004	3293254.662	0.5868781210
3986819.533	3205307.120	0.5857903360
3990958.433	3231915.667	0.5759999750
3999870.695	3158941.655	0.5830000040
4010535.533	3319646.134	0.5909941790
4011576.805	3374738.187	0.6190000180
4016663.899	3270245.079	0.5861978530
4023081.884	3096839.286	0.5899999740
4024103.546	3180717.969	0.5757235880
4024985.539	3129209.213	0.5636169910
4037417.637	3354391.951	0.5944144730
4038031.220	3224103.082	0.5717462900
4043163.529	3295972.876	0.5749907490
4056983.908	3160936.155	0.5332170720
4066682.528	3264885.351	0.5556827780
4068366.880	3373709.428	0.5865163210
4089678.567	3298774.230	0.5363698600
4091828.468	3222802.092	0.5496420260
4092443.913	3340416.140	0.5699999930
4108840.561	3244906.552	0.5789999960
4130508.494	3346659.364	0.5548101660
3640784.112	5403431.351	0.5630000230
4029203.936	4033477.389	0.5759999750
4057490.987	4004702.477	0.5759999750
4062747.121	3958956.289	0.5759999750
4063104.108	4151025.438	0.5630000230
4069084.510	3983535.742	0.5759999750
4070852.505	4222904.107	0.5630000230
4079781.796	4049729.252	0.5759999750
4089566.957	4340426.039	0.5630000230
4097935.747	4149483.883	0.5630000230
4103527.658	4268906.362	0.5630000230
4114465.537	4145137.221	0.5630000230
4115533.241	4066303.574	0.5759999750
4116701.982	3938267.882	0.5759999750
4118380.260	3894668.753	0.5759999750
4119080.090	4303975.078	0.5630000230
4120506.310	4389941.942	0.5630000230
4125304.029	4175232.968	0.5630000230
4139533.215	4317119.534	0.5630000230
4140160.275	4233835.328	0.5630000230
4144058.029	4421803.791	0.5630000230
4146276.919	3879347.433	0.4890113470
4147706.584	4261981.246	0.5630000230
4167048.067	3910114.377	0.5759999750
4170895.163	4148183.759	0.3829999860
4172705.969	4076761.764	0.3829999860
4174410.242	4057601.087	0.3829999860
4185455.853	4168130.662	0.3829999860
4185740.131	4224532.566	0.3829999860
4186147.680	4350436.387	0.5630000230
4193125.732	3953706.832	0.3829999860
4207229.351	3901377.486	0.4779805540
4210188.244	4312618.277	0.5630000230
4218827.749	4045663.597	0.3829999860
4218896.501	4083408.551	0.3829999860
4221610.974	4160459.465	0.3829999860
4235664.343	3993380.236	0.3829999860
4241532.520	3951527.477	0.3829999860
4250716.801	3922524.502	0.4698975090
4273509.671	4105078.530	0.3829999860
4274639.442	4330350.415	0.3829999860
4279548.936	4209780.406	0.3829999860
4282360.406	4201975.760	0.3829999860
4283584.652	4334800.096	0.3829999860
4289065.863	4268548.694	0.3829999860
4300490.817	4057392.647	0.3829999860
4301109.820	4510715.678	0.5630000230
4303803.151	4388695.797	0.3829999860
4313443.087	4468165.367	0.5630000230
4323066.808	4204003.791	0.3829999860
4326878.227	4283218.221	0.3829999860
4327971.433	4072161.386	0.3829999860
4334917.220	4118486.075	0.3829999860
4341022.645	4014773.564	0.3829999860
4342836.699	4588314.703	0.5630000230
4343598.679	4478631.786	0.3829999860
4345551.514	4084033.342	0.3829999860
4346830.491	4221394.444	0.3829999860
4359245.253	4098266.318	0.3829999860
4359247.424	4351868.353	0.3829999860
4361162.947	4093751.043	0.3829999860
4365884.524	4031646.829	0.3829999860
4367876.164	4484272.116	0.3829999860
4368783.904	4005744.182	0.3829999860
4379228.191	4191113.309	0.3829999860
4381232.450	4123321.842	0.3829999860
4384670.966	4021025.912	0.3829999860
4390789.290	4386795.859	0.3829999860
4392310.797	4546504.832	0.3829999860
4398915.121	4229510.098	0.3829999860
4404003.204	4520885.765	0.3829999860
4406929.805	4733356.189	0.4009999930
4408032.947	4479723.467	0.3829999860
4409798.992	4091149.460	0.3829999860
4431404.080	4851756.595	0.4009999930
4431507.132	4169705.994	0.3829999860
4432615.071	4122663.534	0.3829999860
4441692.245	4563632.417	0.5989999770
4442885.278	4246306.869	0.3829999860
4500937.970	4598570.214	0.5989999770
4503363.312	5059309.536	0.3140000100
4510628.980	4911446.963	0.4059999880
4513546.467	4751978.551	0.4009999930
4542826.097	5072460.956	0.3140000100
4565426.118	5140813.357	0.3140000100
4587399.571	5087421.813	0.3140000100
4636571.465	5140703.589	0.3140000100
4664641.197	5124670.536	0.3140000100
4669615.061	5194819.743	0.3140000100
4670935.959	5191285.572	0.3140000100
4727284.440	5169804.224	0.3140000100
4747237.305	5217316.322	0.3140000100
4781388.514	5228670.915	0.3140000100
4834121.483	5255379.068	0.3140000100
4844661.140	5146611.580	0.3140000100
4850502.594	5213105.414	0.3140000100
4870528.727	5124079.985	0.3140000100
4890574.003	5197358.610	0.3140000100
4893609.958	5276573.694	0.3140000100
4929263.443	5216921.130	0.3140000100
5002051.136	5342308.765	0.3140000100
5107944.257	5369967.052	0.3140000100
4599604.726	3431450.846	0.5128372910
4627871.030	3375556.418	0.4880000050
4633789.957	3258817.552	0.4834630790
4677472.384	3305435.633	0.4659999910
4677724.306	3419933.490	0.5090000030
4685180.011	3467017.739	0.4569999870
4700554.698	3216968.995	0.4779999850
4722229.293	3471897.934	0.4560000000
4725716.312	3085273.880	0.3610000010
4727753.490	3103721.509	0.4939999880
4754344.002	3138631.487	0.4740000070
4763470.592	3519036.959	0.5429999830
4765736.502	3421756.329	0.5559999940
4770637.021	3211890.198	0.4740000070
4772057.184	3357097.134	0.4799999890
4785239.016	3278187.112	0.4670000080
4790192.473	3057310.962	0.5080000160
4803501.052	3132660.256	0.4699999990
4805221.720	3541312.352	0.4900000100
4817330.292	3426862.186	0.4630000000
4821970.726	3520691.977	0.4909999970
4877501.289	3216772.101	0.4850000140
4883607.647	3087905.924	0.4959999920
4884591.239	3511044.724	0.5247471930
4889045.729	3534035.932	0.5590000150
4895978.311	3360054.235	0.4769999980
4906217.648	3027092.161	0.5049999950
4911575.902	3267430.542	0.4979999960
4917434.685	3157218.921	0.4819999930
4935299.609	3490718.426	0.4749999940
4959960.593	3117655.521	0.4830000100
4963590.041	3053916.384	0.5000000000
4967053.418	3005821.855	0.5124422910
4968468.640	3221013.431	0.4799999890
4978403.830	3319545.622	0.4760000110
5005255.968	3455916.707	0.4645775850
5005985.706	3184049.427	0.4790000020
5012332.288	3381855.039	0.4420000020
5020074.880	3043571.835	0.5239999890
5043136.880	2957979.914	0.4740000070
5045687.718	2951529.873	0.3790000080
5061786.947	3498336.964	0.4699999990
5067790.407	3284465.026	0.5040000080
5071556.543	3132620.029	0.4909999970
5081111.981	3470097.775	0.4819999930
5090277.681	3002157.842	0.5270000100
5104615.872	3050030.614	0.5139999990
5117611.436	3224762.501	0.4650000040
5144737.322	3131506.266	0.4810000060
5154342.105	3300494.901	0.4709999860
5162425.487	3523001.148	0.4519999920
5165695.903	3022803.116	0.4950000050
5176448.139	3070219.392	0.5239999890
5182119.818	3196139.323	0.4799999890
5197224.231	3413112.498	0.4699999990
5210940.714	3003175.852	0.5080000160
5234913.359	3045024.301	0.5440000300
5248221.235	3149358.795	0.5260000230
5248248.245	3305794.401	0.4620000120
5253520.697	3246765.067	0.4850000140
2639522.361	1756823.461	0.5207994580
2651939.925	1962990.161	0.5270000100
2659426.095	2020194.488	0.5301241280
2664476.323	1946393.249	0.5450000170
2667131.387	1951424.480	0.5450000170
2669683.070	1857488.518	0.5419987440
2673918.346	1942051.088	0.5357766750
2714640.717	2061212.562	0.5350000260
2725297.171	1737533.900	0.5239999890
2753754.462	1850012.774	0.5379999880
2756885.121	1843576.503	0.5379999880
2757012.533	2086709.942	0.5690000060
2762255.557	2173086.327	0.5350000260
2765997.359	1900145.339	0.4600000080
2766103.165	2208364.161	0.5600000020
2766749.502	2254039.367	0.5709999800
2818849.815	2136206.815	0.5239999890
2824193.159	1971640.260	0.5730000140
2831241.362	2032558.085	0.5440000300
2839248.431	2097105.779	0.4659999910
2845612.818	2192521.141	0.5630000230
2937983.557	2231726.409	0.5950000290
5194121.346	2583304.992	0.6240000130
5195255.105	2624717.774	0.5159999730
5221464.152	2730512.080	0.5310000180
5274555.164	2556725.068	0.5699999930
5282953.938	2817813.086	0.5249999760
5304592.409	2762659.310	0.5070000290
5318202.837	2614758.359	0.6159999970
5319489.926	2475206.947	0.5500000120
5328091.198	2667553.491	0.4970000090
5328609.105	2819748.329	0.5320000050
5351466.192	2723988.006	0.5529999730
5353061.655	2855906.682	0.4970000090
5359321.138	2838706.837	0.4860000010
5396508.871	2729107.003	0.5040000080
5410487.470	2624391.818	0.5479999780
5415067.926	2829571.999	0.5460000040
5422498.653	2458036.751	0.6090000270
5428944.802	2711178.806	0.5329999920
5429927.216	2751453.226	0.5320000050
5445655.789	2550620.840	0.5460000040
5513776.150	2452923.697	0.5299999710
5522065.657	2607194.158	0.3650000100
5524937.308	2781838.858	0.4370000060
5525171.577	2712239.554	0.4799999890
5531077.656	2858025.362	0.5249999760
5558191.087	2875937.898	0.5230000020
5590767.492	2515065.758	0.5090000030
5601460.891	2516229.145	0.5289999840
5606996.566	2749527.938	0.5509999990
5635847.947	2596222.845	0.5080000160
5644188.646	2831159.348	0.5860000250
5644791.493	2813606.123	0.5209031110
5663774.875	2776199.875	0.5210000280
5695704.669	2504280.165	0.5440000300
5717598.643	2654082.245	0.6050000190
5784234.586	2639274.661	0.5230000020
5796762.342	2530156.895	0.5709999800
5856737.558	2653753.306	0.5520278220
6025935.449	5503057.992	0.2870000000
6153671.799	5285494.396	0.2870000000
6265259.792	5024392.520	0.3280000090
6278391.968	5461849.154	0.3280000090
6341584.152	5161251.384	0.3280000090
6346551.467	4898625.006	0.3280000090
6350321.040	5395209.045	0.3280000090
6468363.967	4986180.367	0.3280000090
6495578.711	5155632.925	0.3280000090
6564157.057	4726291.614	0.3062355820
6593447.819	4880375.176	0.3280000090
6659708.810	4624057.080	0.2770000100
6676406.169	4963357.627	0.2770000100
6694283.409	4775330.726	0.2770000100
6760108.378	4691419.542	0.2620693740
6786713.229	4533007.436	0.2590000030
6786931.508	4383761.389	0.2682358320
6817386.830	4682845.392	0.2596104440
6831647.369	4602340.300	0.2565493580
6855346.408	4754793.720	0.2590000030
6859264.643	4087315.491	0.3436631260
6898042.822	4303948.658	0.2779999970
6936764.027	4599984.637	0.2504823210
6971156.298	4754808.932	0.2430000010
6982142.198	4110621.385	0.3489126860
6984722.703	4478368.559	0.2514895200
6994778.713	4387030.980	0.2440000030
7002403.936	4676126.895	0.2430000010
7126248.256	4328053.415	0.2440000030
7209482.209	4115953.422	0.2759999930
7297300.854	4265600.932	0.2249999940
7301090.099	4434784.815	0.2249999940
4998301.301	3561922.963	0.5460000040
5201024.798	5193587.552	0.3432004150
5234317.339	5248141.169	0.3140000100
5277776.188	5051062.997	0.4059999880
5299414.755	4828835.913	0.4009999930
5301725.638	5300842.827	0.3288819190
5332676.257	4314669.282	0.5041859150
5333437.531	4677578.377	0.4190000000
5350964.740	5176158.453	0.3519999980
5366807.000	4167574.463	0.4800377490
5379662.467	5029637.784	0.3440000120
5398166.423	3996565.952	0.4429999890
5402113.039	4451142.082	0.5099999900
5439586.439	4257959.110	0.4889999930
5454734.598	3919106.819	0.4562850000
5457934.911	4100102.663	0.4280000030
5459263.333	5141329.503	0.3499999940
5470130.453	4860358.654	0.3750000000
5497217.250	4725037.100	0.3899999860
5538865.488	4638856.511	0.4329999980
5548390.060	4917338.186	0.4190277460
5560900.969	4066664.095	0.4199999870
5575260.018	4520847.295	0.4190000000
5615037.687	5066958.714	0.4230000080
5623494.490	4280076.903	0.4070000050
5626018.086	5382722.245	0.3499999940
5665423.026	4808330.822	0.3864608410
5689198.638	4562511.692	0.4199999870
5693019.034	4005476.248	0.4273003040
5701517.286	5325534.059	0.2870000000
5716679.618	3731942.191	0.4359999900
5717343.495	4102972.205	0.3889999990
5750010.434	4921767.977	0.3919999900
5792129.915	3660190.605	0.4320000110
5795517.288	5369338.169	0.2870000000
5816495.214	4579776.644	0.3670000140
5822456.801	3973825.793	0.3889999990
5823765.730	4132393.132	0.4108148220
5825992.552	4404039.932	0.4077711110
5842137.402	3823709.384	0.4340916280
5851603.154	4998097.619	0.3409515620
5859515.376	4035760.198	0.3889999990
5873104.579	4332223.112	0.4091191590
5898820.320	3536397.124	0.4746147390
5927926.494	4502557.433	0.4020109770
5940335.194	3732010.093	0.4570130110
5961719.737	4225371.920	0.4359999900
5969361.831	4378889.887	0.3790000080
5972480.796	4729833.934	0.3420000080
5987293.312	4608484.119	0.3956999780
5987780.403	2956436.335	0.4898922150
6003076.963	3965805.138	0.4083058830
6009669.993	4941417.170	0.3260000050
6022130.551	5103020.554	0.2870000000
6026134.532	3624265.250	0.4309999940
6042701.246	4150221.125	0.3770000040
6071467.824	3799281.450	0.4379999940
6078874.270	4515233.982	0.3819999990
6082636.092	3505576.978	0.4469999970
6093398.693	4333483.175	0.4169166090
6144888.121	4062444.005	0.3884758650
6154802.936	5012407.026	0.3280000090
6176736.792	3893289.844	0.4146159290
6184497.190	2821386.349	0.5236366390
6194018.584	4740714.169	0.3190000060
6194509.794	3655502.415	0.4429999890
6195453.330	4367998.846	0.4231331350
6234672.451	4541609.810	0.4790000020
6234783.947	4258927.787	0.4659999910
6243206.790	3809920.557	0.4157335160
6275893.540	2788414.261	0.5392721300
6278554.161	3577231.068	0.4259452220
6280763.540	3981043.637	0.3790000080
6303445.931	4428657.212	0.3890824620
6337682.130	4176551.169	0.3459999860
6350094.417	4651897.451	0.3671591580
6352972.785	4296311.101	0.3670000140
6358648.110	3749441.331	0.3750000000
6380964.067	4741339.465	0.3269999920
6398446.304	4391676.607	0.3350000080
6402852.824	3856526.319	0.3700000050
6430101.661	4067689.480	0.3449001610
6442749.119	3432551.319	0.4803478120
6443474.026	2956357.999	0.6449999810
6451874.731	3496584.075	0.4900000100
6471616.147	4259343.473	0.3416741490
6489302.859	4567588.714	0.3240000010
6509991.623	3132383.030	0.5099999900
6529135.502	3675708.208	0.4236732130
6555279.344	2881361.805	0.5534034970
6556649.867	4109965.079	0.3243484200
6560463.440	3891682.808	0.3719744090
6570742.135	4482646.493	0.3109999900
6586903.569	2781319.885	0.5310000180
6587947.900	2995011.064	0.5267209410
6599163.035	3460783.613	0.4900000100
6599644.865	3308920.446	0.4889308510
6643207.052	4284631.341	0.3225427570
6675240.595	2737778.424	0.5145672560
6680614.858	4117623.746	0.3339999910
6698230.238	2937790.335	0.4819999930
6702282.689	3769628.016	0.3680523630
6740397.223	3597158.654	0.3740000130
6742132.255	3434148.864	0.4900000100
6749637.343	4009150.439	0.3454987410
6812479.881	3108002.350	0.5189999940
6847171.501	3827533.601	0.3449999990
6870284.970	2925806.860	0.4889788330
6919980.827	3019464.267	0.4589999910
6922623.085	3459262.458	0.3950000110
6930305.937	3716812.139	0.3480790260
6935691.300	3205057.804	0.4449999930
7041341.096	2860923.160	0.4490000010
7105548.017	3312781.886	0.3950000110
7106341.339	3069397.580	0.4982133510
7242959.821	2965556.186	0.4699999990
5031685.768	2560854.357	0.5490000250
5054015.686	2427452.730	0.5279999970
5071601.422	2491242.197	0.5400000210
5074633.222	2603695.345	0.5239999890
5091772.878	2520022.648	0.5360000130
5103245.211	2342347.364	0.5030000210
5111164.427	2408706.596	0.5550000070
5131989.641	2583511.213	0.5289999840
5132142.875	2295812.415	0.5379999880
5132946.114	2467707.408	0.5249999760
5135303.570	2529733.463	0.5400000210
5147565.858	2467882.486	0.5630000230
5182317.167	2349471.085	0.5600000020
5188058.266	2501830.949	0.5329999920
5192092.026	2425696.008	0.5469999910
5196543.723	2304807.281	0.4749999940
5208537.434	2516167.103	0.5159999730
5230579.420	2474600.421	0.5529999730
5233157.334	2383215.455	0.5740000010
5236298.561	2342526.309	0.5450000170
5275081.427	2410433.333	0.4939999880
5284085.383	2323788.323	0.5939999820
5293866.576	2286021.955	0.5849999790
5298275.263	2238048.109	0.5419999960
5320440.434	2431073.865	0.5149999860
5357719.634	2300398.847	0.5440000300
4855505.412	2813472.087	0.5249999760
4897529.456	2864366.578	0.3720000090
4923493.789	2829881.967	0.5460000040
4933411.417	2784359.047	0.5139999990
4947050.705	2938971.446	0.5820000170
4951776.472	2887241.377	0.5450000170
4979049.612	2823257.820	0.5569999810
4993458.769	2879211.381	0.5270000100
5021600.943	2920218.857	0.4149999920
5022142.634	2963343.350	0.4959999920
5040579.160	2849751.070	0.5170000200
5054635.195	2939656.005	0.5680000190
5063009.965	2950185.089	0.3420000080
5065869.943	2911238.463	0.5009999870
5067432.208	2935818.196	0.4709999860
5143845.759	2902043.441	0.5130000110
5165877.085	2967505.934	0.5730000140
5181382.155	2907951.704	0.5279999970
5196028.698	2940424.415	0.5740000010
4602510.380	2538762.815	0.5490000250
4604053.856	2492525.890	0.5360000130
4606167.169	2605651.096	0.5419999960
4617340.596	2593242.679	0.4539999960
4666286.780	2577455.384	0.5547527070
4670294.039	2561009.857	0.5619999770
4713483.317	2610866.139	0.5690000060
4724130.804	2534845.471	0.5649999980
4724167.719	2583418.594	0.5820000170
4730010.710	2564949.223	0.5000000000
4749220.649	2547785.350	0.5689310430
4757371.822	2613371.625	0.5580000280
4794791.860	2634951.318	0.5649999980
2761891.724	2404618.002	0.5237901810
2773302.563	2428458.191	0.5373342040
2784128.291	1742565.486	0.5001408460
2796281.432	2316006.700	0.5360000130
2801934.409	2337561.506	0.5410000090
2808079.539	2369641.920	0.5496364240
2821132.448	2383532.724	0.5130000110
2823148.356	1744978.437	0.4869999890
2829626.645	2381903.099	0.5130000110
2834577.602	1721678.056	0.4927596150
2841292.135	2433888.347	0.5180000070
2843272.750	2426540.915	0.5180000070
2843909.388	2324375.761	0.5324855450
2849952.792	1975133.780	0.5565802450
2859699.611	2310965.661	0.5659999850
2864574.372	1916922.873	0.5090000030
2864772.426	2279264.698	0.5825604800
2868120.140	1642813.931	0.4630000000
2884335.451	1614929.066	0.4969862700
2886598.915	1670809.875	0.4930000010
2903533.183	1912034.844	0.5173303480
2905943.876	2299901.850	0.5590523480
2909541.533	2466665.766	0.5397624370
2910806.958	2388211.358	0.5569999810
2912236.154	1582835.541	0.5440000300
2915614.271	1739862.020	0.5109999780
2919036.008	1970946.203	0.5279999970
2919994.652	2103111.193	0.5273596050
2933322.009	1707016.119	0.5199999810
2935877.242	1793895.430	0.5304976110
2944970.812	2141093.156	0.5379219650
2946762.056	1906465.542	0.5152683260
2947539.712	1659990.339	0.5199999810
2953032.275	2029646.724	0.5429030060
2955389.143	2425304.080	0.5342186090
2964830.204	1654613.761	0.4845992620
2966017.961	1945735.690	0.5412922500
2966055.980	2312329.753	0.5099999900
2973547.898	2314765.687	0.5099999900
2986932.909	1736455.850	0.5084821580
2995102.928	2283441.637	0.4889999930
3001785.820	1844255.668	0.5450000170
3006880.789	1678134.118	0.4981881080
3007039.124	2121983.398	0.5027037260
3009622.367	1623313.330	0.5242174860
3013191.906	2183025.028	0.5270000100
3013524.697	1768034.067	0.4990000130
3020646.673	2118311.429	0.4990000130
3023124.553	1634972.226	0.5139999990
3024490.152	1639166.975	0.5139999990
3029250.309	2236329.946	0.5035421850
3030372.973	1638043.080	0.5139999990
3032768.723	2411670.361	0.5410000090
3042020.445	2385016.182	0.5440000300
3042815.946	2298375.053	0.4889999930
3043021.955	1817306.135	0.5290400980
3049923.273	2417420.788	0.5420524480
3051525.138	1727586.185	0.4988275770
3059809.591	2405158.163	0.5400000210
3071921.197	1632118.439	0.4101693330
3082070.896	2070850.072	0.5609999900
3087440.320	1945736.476	0.5299889450
3089186.343	2188106.092	0.5210000280
3094131.162	1679211.596	0.4699999990
3094549.331	2139927.092	0.5046099420
3094995.791	2181291.615	0.4889999930
3103060.594	1744163.041	0.5030000210
3108505.831	1623622.864	0.2940000000
3115337.377	1877391.762	0.5239999890
3115570.047	2216795.344	0.5099775200
3120464.111	1977007.651	0.4979999960
3121513.918	2257095.624	0.5141199230
3128799.329	2067459.124	0.4620000120
3133533.337	2094752.589	0.5500000120
3140601.937	2074622.904	0.4620000120
3151626.016	2027507.537	0.5239999890
3154831.640	1619239.548	0.3928422030
3155667.644	1845034.221	0.5180715920
3156176.270	2017292.527	0.5009999870
3156630.278	1923484.199	0.5084881780
3158917.617	2033675.238	0.5239999890
3159514.891	2061716.966	0.5435740950
3160826.255	2366296.095	0.5779374240
3161004.479	2028924.785	0.5239999890
3165958.775	1989258.898	0.5075578090
3171577.544	2318978.721	0.5095959310
3172710.332	2033038.363	0.4990000130
3175626.389	2090667.014	0.5415101650
3182034.634	1659340.411	0.4670000080
3186452.354	2293559.595	0.5143945220
3189006.785	1755142.737	0.5219585900
3192565.925	1788137.183	0.5150625710
3201950.582	2240589.887	0.5339999790
3205400.721	2361546.688	0.5740000010
3208685.387	2048487.401	0.5180000070
3209008.501	2367470.491	0.5740000010
3214915.963	1620371.713	0.4670000080
3241599.429	2242133.466	0.5244646070
3259146.877	1672830.193	0.4670000080
3259456.872	2325379.114	0.5782871840
3269427.133	2344284.848	0.5797954200
3272077.735	2161831.711	0.5020618440
3276798.368	2333606.422	0.5770000220
3283087.431	2284310.714	0.5519999860
3285091.409	1968850.141	0.5379999880
3285766.260	2159527.588	0.4930000010
3286636.635	1698316.515	0.5279999970
3290877.852	1842901.925	0.5199999810
3291336.242	1848422.313	0.5199999810
3291943.374	1671471.896	0.4967351260
3308213.411	2232596.171	0.5099999900
3309384.355	2337399.494	0.5743696090
3314522.090	2317783.686	0.5735342500
3318793.836	2050636.635	0.5450000170
3319368.949	1818002.804	0.5199999810
3321547.845	1758106.561	0.5213221910
3324017.653	2299329.010	0.5440087320
3329307.059	2324698.346	0.5748903160
3330605.301	1726013.948	0.5249999760
3337038.900	1729770.264	0.5249999760
3346304.793	2322760.003	0.5559999940
3347410.118	1683664.228	0.4805168510
3351512.190	1794583.401	0.5199999810
3353023.870	1904185.939	0.5316190120
3354634.259	2198896.608	0.5100910660
3362597.654	2074104.441	0.5529999730
3366160.822	1702010.749	0.4289999900
3367401.354	2325331.889	0.5979999900
3369024.352	2259534.554	0.5109999780
3369068.816	2052808.516	0.4970000090
3374809.405	2193887.400	0.5100213890
3375706.631	1986542.121	0.5370000000
3378574.773	2258754.431	0.5109999780
3393038.280	1753323.885	0.4480000140
3400825.034	1761535.212	0.5059999820
3404292.140	2129158.711	0.5090000030
3410807.185	2035476.018	0.5253934260
3412790.728	2124701.134	0.5090000030
3415008.440	2141172.227	0.5107421280
3418587.972	1883958.511	0.4880000050
3423237.684	1851336.660	0.5025705700
3427136.944	1882399.577	0.5249999760
3442646.889	1818981.984	0.5066760780
3452686.769	2225336.637	0.5262376670
3459011.802	1930144.921	0.4790000020
3465985.785	2167511.857	0.5000000000
3468239.695	2051695.575	0.5174661280
3471850.997	2103353.322	0.5113481880
3509422.330	1992360.567	0.5045566560
3517497.815	2019219.438	0.5320000050
3536982.529	2107879.791	0.5249999760
3540383.890	2001498.915	0.5073567630
3570510.309	1797630.312	0.4900000100
3573752.645	2222422.452	0.5180000070
3579237.755	2048856.616	0.4460000100
3582810.815	2104171.458	0.5184471010
3616059.423	2180235.472	0.5000000000
3655101.232	2056314.059	0.5159999730
3660276.813	2080689.569	0.5008015040
3667198.571	2065120.992	0.5055966380
3674479.863	2155282.659	0.5920000080
3684787.681	1860227.311	0.5260000230
3694331.098	1859894.273	0.5260000230
3709346.953	1886867.801	0.5630000230
3712982.513	2090202.812	0.5025085810
3718004.491	1852778.124	0.5329596400
3719432.842	2118689.360	0.5009999870
3759902.440	1871229.013	0.5323154930
3823857.845	1881338.194	0.4869999890
4378764.977	3977187.694	0.3829999860
4399749.801	3888807.164	0.3829999860
4416694.363	3837882.560	0.4419751170
4427679.241	4467914.536	0.3829999860
4439894.175	3847744.962	0.4445774260
4440217.831	4014625.008	0.3829999860
4449088.651	3947071.822	0.3829999860
4459228.152	4374630.515	0.3829999860
4469993.457	4065664.883	0.3829999860
4478341.293	3707974.206	0.5403698680
4479756.378	3928801.673	0.3829999860
4489765.894	3782294.597	0.4879973230
4493544.092	3662137.634	0.5512406830
4494119.035	4530473.080	0.5989999770
4495994.783	4088723.208	0.3829999860
4499432.574	3916617.803	0.3829999860
4499566.231	3589982.295	0.5489909650
4501634.638	3959379.708	0.3829999860
4509565.960	3857862.602	0.3829999860
4510333.387	4337412.033	0.5989999770
4514513.863	3611020.566	0.5498731730
4518511.934	4411352.029	0.5989999770
4523694.563	4181155.587	0.3829999860
4532528.222	4122275.835	0.3829999860
4536049.766	4383915.492	0.5989999770
4538411.489	4245015.401	0.5989999770
4541184.754	4330471.466	0.5989999770
4550072.111	4516343.025	0.5989999770
4550613.940	3645755.411	0.5470166800
4557207.266	4069334.280	0.3829999860
4558044.172	3756101.998	0.5540000200
4558461.113	4700254.925	0.4009999930
4565768.816	4214484.316	0.5989999770
4574500.961	3983633.353	0.3829999860
4581177.203	3896753.373	0.3829999860
4581948.068	4414747.290	0.5989999770
4585291.854	4528120.897	0.5989999770
4586632.679	4293798.099	0.5989999770
4588933.424	3830353.542	0.5540000200
4592037.759	4578705.145	0.5989999770
4592816.650	4852965.808	0.4009999930
4593829.440	3606409.789	0.5449647310
4600521.869	4031774.848	0.3829999860
4605027.922	4152837.888	0.5989999770
4612917.467	3967609.384	0.3829999860
4615941.493	3759627.162	0.5540000200
4623438.326	3666853.444	0.5653539300
4626599.089	4567381.917	0.5989999770
4627479.997	4263572.856	0.5989999770
4630200.219	3896358.035	0.5540000200
4632948.725	4463383.836	0.5989999770
4639217.221	4974232.116	0.4059999880
4645802.963	4391467.216	0.5989999770
4650244.645	4624694.627	0.4009999930
4659025.199	5052519.656	0.3140000100
4666413.212	4319604.537	0.5989999770
4669054.219	3879252.233	0.5540000200
4670063.807	4222729.978	0.5989999770
4674445.001	4884064.836	0.4009999930
4678143.832	4791107.988	0.4009999930
4678210.108	4581095.047	0.5989999770
4678849.550	3957911.249	0.5899999740
4684743.933	4675924.972	0.4009999930
4685769.090	4737277.117	0.4009999930
4687067.395	3970493.392	0.5899999740
4687809.607	4048055.535	0.5989999770
4688406.417	4011584.680	0.5899999740
4695493.166	4107569.228	0.5989999770
4703709.295	4994976.507	0.4059999880
4705940.437	3862437.310	0.5960000160
4707859.436	4148653.292	0.5989999770
4712495.379	4199406.883	0.5989999770
4717935.038	3695059.316	0.5160485510
4720217.309	4310112.196	0.5989999770
4724547.944	4368339.350	0.5989999770
4725984.123	4696341.233	0.4009999930
4730394.158	4577664.051	0.5989999770
4732543.309	3925637.302	0.5899999740
4733838.133	5023323.571	0.4059999880
4736889.287	4417398.154	0.5989999770
4738342.704	4472397.704	0.5989999770
4740447.010	4631077.779	0.4190000000
4745634.571	4531065.864	0.5989999770
4747922.466	3828359.679	0.4819999930
4748534.057	4051251.833	0.5989999770
4749961.389	4749748.442	0.4009999930
4758813.061	4150573.701	0.5989999770
4766120.444	4677316.446	0.4009999930
4766247.402	4937422.195	0.4059999880
4773226.818	4034356.619	0.5989999770
4775736.262	4483229.479	0.5989999770
4776258.110	3985467.882	0.5899999740
4781324.928	4186487.586	0.5989999770
4784845.995	4927476.195	0.4059999880
4787142.143	4639149.370	0.4190000000
4791598.076	5101404.455	0.3140000100
4804562.053	4886589.502	0.4009999930
4804959.991	4110898.945	0.5989999770
4805041.356	4514904.899	0.5989999770
4816955.735	3785358.592	0.4819999930
4822370.676	4837051.915	0.4009999930
4831239.064	4769208.259	0.4009999930
4848811.536	4960146.054	0.4059999880
4851021.217	3901624.400	0.5471423860
4856703.018	4564191.384	0.4190000000
4858180.502	3956183.828	0.5476900940
4859616.175	4074300.716	0.5947772860
4864574.094	4903587.215	0.4009999930
4865446.858	5007768.055	0.4059999880
4866643.443	4704010.261	0.4009999930
4878394.308	4643823.747	0.4190000000
4898778.358	4740900.262	0.4009999930
4899148.863	4848197.240	0.4009999930
4918210.403	4891840.758	0.4009999930
4923013.545	4789109.180	0.4009999930
4964996.612	4812551.038	0.4009999930
4021020.589	2597514.089	0.3670000140
4022380.712	2578537.635	0.5339999790
4077110.068	2668220.446	0.4620000120
4083647.996	2584564.684	0.5509999990
4087303.979	2637769.105	0.5099999900
4088905.153	2658826.882	0.5270000100
4090009.538	2705483.648	0.5139999990
4092292.389	2608664.150	0.4050000010
4112256.176	2630125.658	0.4839999970
4114805.193	2571135.406	0.5460000040
4125131.736	2579661.986	0.4600000080
4153633.657	2685431.264	0.5559999940
4154424.611	2578735.666	0.4129999880
4157871.638	2619741.852	0.5080000160
4164213.355	2656231.107	0.4650000040
4187751.342	2653404.025	0.3359999950
4192852.786	2607737.277	0.5669999720
4199563.949	2635361.798	0.5809999700
4210888.592	2708462.148	0.5379999880
4212942.786	2697309.590	0.5479999780
4215261.781	2616163.306	0.4160000090
4215740.019	2642814.471	0.6079999800
4220360.415	2600521.085	0.5239999890
4227450.901	2562643.033	0.5720000270
4227502.964	2565973.413	0.4550000130
4233229.665	2622155.454	0.6140000220
4237768.469	2525846.134	0.5640000100
4238776.572	2561359.572	0.5799999830
4239488.496	2594662.992	0.7630000110
4240339.818	2543572.716	0.5600000020
4240883.666	2695728.733	0.4889999930
4259231.379	2594826.331	0.5429999830
4270999.980	2682046.888	0.3600000140
4275702.286	2702004.892	0.5270000100
4285134.905	2639727.750	0.5970000030
4306490.267	2635190.074	0.4390000100
4307147.545	2589656.730	0.3689999880
4308776.650	2632963.381	0.5540000200
4311784.021	2601862.137	0.5720000270
4325623.528	2581869.211	0.7379999760
6632353.397	1778203.990	0.5439232590
6650944.932	1769157.560	0.5183508990
6686949.536	1713598.852	0.5490000250
6730379.101	1764555.175	0.5490000250
6732943.035	1891310.192	0.5664172770
6754093.740	1478263.199	0.5009999870
6762974.650	1649154.554	0.5279999970
6765302.946	1577709.850	0.5279999970
6861182.680	2002713.405	0.4796364610
6882723.354	1755309.257	0.4630000000
6894588.289	1924600.698	0.4410000150
7012348.625	1899349.183	0.4000000060
7017377.752	2044043.524	0.4259999990
7034099.945	2117971.604	0.4703769090
7110750.792	1833112.640	0.4000000060
4149411.283	1211074.655	0.4449999930
4200415.050	1389276.020	0.4659999910
4202896.749	1453342.653	0.4850000140
4208733.735	1543091.632	0.5640000100
4210967.058	1264701.898	0.4939999880
4212511.799	1491678.148	0.5479999780
4213593.147	1346966.328	0.4659999910
4224007.838	1185953.142	0.4551482200
4247422.188	1518724.302	0.5554791090
4253599.500	965046.306	0.4090875980
4263410.046	1445262.274	0.4884701970
4273323.758	1328016.799	0.4850000140
4303113.240	1575224.541	0.5540000200
4328536.506	1485337.876	0.5404254200
4330144.002	1401074.514	0.5049999950
4330364.598	1205397.559	0.4799999890
4341989.082	1529368.537	0.5529999730
4359214.336	1034039.023	0.4329999980
4363667.662	1099678.240	0.4329999980
4366572.212	1147120.184	0.4525505010
4384287.878	1297048.531	0.4620000120
4384301.404	1489294.824	0.5277527570
4389578.829	1401401.532	0.4839999970
4392812.631	1203926.624	0.4379999940
4418433.742	1531860.559	0.5310000180
4418758.160	1383431.236	0.4839948710
5670825.721	2040849.576	0.5540000200
5693490.334	2214185.543	0.5400000210
5713621.270	2044477.942	0.5640000100
5746088.965	2233819.836	0.5669999720
5756994.788	1959592.788	0.5370000000
5777378.841	1996372.789	0.6629999880
5777625.326	1937774.560	0.5120000240
5789470.027	2158536.370	0.6159999970
5801117.728	1880715.555	0.5869131090
5815774.566	1874610.629	0.5529999730
5818050.673	1856231.068	0.6489999890
5834381.931	1899752.745	0.5860000250
5835519.343	1814880.591	0.5830000040
5839580.626	2094548.753	0.6759999990
5852037.026	2017743.392	0.6539999840
5862839.470	1940615.852	0.5830000040
5869898.049	1728354.823	0.7030000090
5887516.480	1825202.953	0.5970000030
5893467.303	2182305.538	0.6079999800
5903900.523	2217468.754	0.6299999950
5909598.854	2205561.709	0.6148469450
5933760.323	2102928.781	0.5379999880
5935020.590	2183519.482	0.5849999790
5939237.538	2159772.573	0.4149999920
5946651.401	1725849.095	0.6639999750
5946789.055	1767574.868	0.6039999720
5970948.879	2118410.725	0.5742134450
5984203.550	2171749.010	0.5395302180
5984780.383	2192986.573	0.5512974260
5994922.764	1844233.242	0.6280000210
5995173.652	1720810.694	0.7350000140
5999464.357	1948283.543	0.2860000130
6008806.275	2119012.955	0.5830000040
6028111.328	2039997.477	0.6140000220
6028614.541	2197370.466	0.6299999950
6068089.436	2093175.498	0.6629999880
6088091.036	2220065.798	0.6060000060
6099156.446	1981012.986	0.5500000120
6102827.139	1880557.128	0.6069999930
6104768.369	1860062.452	0.5519999860
6121065.721	1874121.354	0.5569999810
6121296.248	2301320.310	0.5920000080
6124103.559	1708811.914	0.6150000100
6126031.283	2219615.068	0.6909999850
6157169.529	1782799.121	0.3869999950
6158368.987	2333906.739	0.6110000010
6160041.781	1783601.044	0.2700000110
6195381.402	2294937.771	0.5887538190
6224087.656	2171981.946	0.5666177270
6237080.209	2162450.511	0.5419999960
6243022.269	2162362.623	0.5419999960
6253389.719	2167557.431	0.5630000230
6257836.841	2188374.456	0.6280000210
6262023.827	2407915.482	0.5659999850
6277812.769	1781151.870	0.6679999830
6281775.035	2342157.583	0.5699999930
6284460.327	1946890.290	0.6449999810
6292741.440	2256008.419	0.5519999860
6297852.624	2030333.261	0.6000000240
6308038.192	2173350.596	0.5429999830
6362893.319	1753081.282	0.5730000140
6363265.135	1882555.618	0.5580000280
6368514.403	2450160.636	0.6949999930
6369919.399	1643638.406	0.5550000070
6383026.062	2116179.794	0.5320000050
6397388.810	2031332.521	0.5519999860
6401201.679	2286653.526	0.5680000190
6413240.659	2204564.026	0.5230000020
6419109.513	1666524.896	0.4449999930
6424672.573	1937266.368	0.5389999750
6441514.450	2336228.103	0.5941636560
6443835.027	2074210.820	0.5490000250
6448720.204	1815119.647	0.5989999770
6454047.045	1665993.442	0.5400000210
6463150.322	2004644.639	0.5469999910
6469505.243	2322627.326	0.6039999720
6495610.570	1879218.502	0.5837684270
6497619.298	2116317.700	0.3650000100
6503743.390	2406351.416	0.6004259590
6536996.137	2173609.372	0.5640000100
6538599.309	2306458.507	0.5619999770
6546190.265	1917971.184	0.5782975550
6555486.852	1923167.300	0.5770225520
6593899.434	2261841.485	0.5270000100
6618944.913	2418691.584	0.6529999970
6632305.596	1901464.244	0.5649999980
6659112.295	2426683.620	0.6083532570
6662166.896	2032402.120	0.7089999910
6715986.011	1991456.536	0.6779999730
6727062.471	2156316.852	0.5562472940
6749040.773	2155045.208	0.5479999780
6759237.517	2478050.664	0.5059999820
6760769.839	2414168.584	0.4530000090
6768094.083	2090934.674	0.5580000280
6794420.237	2335654.485	0.5630000230
6817861.363	2212858.292	0.5826088790
6819422.873	2508000.506	0.6069999930
6819518.990	2275772.675	0.6069999930
6830225.198	2042037.218	0.5189999940
6874144.515	2577180.497	0.5460000040
6904807.087	2281825.603	0.6539999840
6912317.678	2567994.539	0.5189999940
6913700.322	2417541.302	0.5699999930
6919145.035	2168966.210	0.5640000100
6984995.627	2126767.973	0.5896525380
6990739.460	2303531.368	0.4990000130
6993028.123	2201031.214	0.5260000230
7035609.028	2547769.790	0.2549999950
7058437.812	2234447.164	0.5429999830
7062911.341	2305873.296	0.6840000150
7068480.640	2462432.809	0.5490000250
7137019.101	2518579.872	0.4790000020
7146223.959	2343131.958	0.6095328330
7217629.700	2266383.281	0.5680000190
5220690.580	2910658.403	0.5139999990
5230304.065	2942428.353	0.5401399730
5233365.533	2924111.518	0.5318616630
5254998.548	2869449.502	0.5389999750
5262017.660	3049876.653	0.5110675100
5266334.352	2977036.389	0.5357925890
5275305.729	3243340.775	0.4861729150
5275843.702	3067521.514	0.4850000140
5287000.058	3105532.665	0.5042003390
5296949.789	3005306.027	0.4894367460
5299080.361	2932024.357	0.5663857460
5302128.541	2949585.858	0.5563771130
5303278.254	2970578.050	0.5470358730
5304338.840	2874459.819	0.5226562020
5312344.048	2913706.887	0.5939999820
5318144.795	3062292.736	0.5099999900
5322206.930	3178636.122	0.5100421910
5323081.529	2997006.427	0.4932036700
5338968.712	3225662.555	0.5130000110
5340263.895	3098827.315	0.5041061640
5364520.965	2980484.907	0.4699999990
5367965.640	2975486.367	0.4699999990
5368352.950	3283118.223	0.5057139990
5372728.466	2872283.553	0.5003749130
5380347.761	2898394.893	0.4899849590
5392504.935	2887553.219	0.5070000290
5395332.585	3245147.564	0.5103154180
5396174.623	3110282.853	0.5059436560
5397024.836	3034482.643	0.5149999860
5406678.108	3180986.578	0.5148431660
5422863.446	2937346.144	0.4963442390
5430955.200	3152007.935	0.5129012470
5436066.144	3122656.420	0.5072929860
5445404.558	3056167.208	0.4998233910
5450906.187	2867290.729	0.4926643970
5453040.396	3177881.897	0.5136579870
5468808.763	3261683.296	0.5310000180
5476033.806	3112513.506	0.5051432850
5489159.531	2932536.510	0.5080000160
5525502.316	3146930.588	0.4979999960
5537489.248	2975848.684	0.5199999810
5540534.910	3066342.483	0.5093063710
5541512.110	3271532.076	0.5020928380
5555585.823	3204034.783	0.4989489020
5575301.093	3007704.189	0.5189999940
5603683.631	3097074.060	0.5090000030
5613900.579	3301663.040	0.4833149610
5615244.200	3259618.998	0.4749999940
5622421.027	2973251.278	0.5187734370
5632369.262	3040965.282	0.4999416770
5640954.344	3183553.537	0.4882562760
5659363.740	3072878.008	0.4819999930
5662479.346	3143008.696	0.4905904230
5685580.837	3249645.498	0.4716461600
5711847.150	3324836.751	0.4691244070
5726458.528	3189456.138	0.4792856870
5727762.278	3041002.395	0.4923121630
5750104.767	3157410.253	0.4828915890
5757339.549	2689043.198	0.5210000280
5761255.720	3236257.100	0.4771342870
5763792.867	3103190.033	0.4859403370
5765570.829	3301669.372	0.4690335090
5773619.400	3364461.410	0.4630000000
5773733.824	3001516.432	0.4966150520
5782075.658	2659001.902	0.5080000160
5787442.963	3053749.019	0.4941422050
5790463.615	3237075.425	0.4729999900
5804239.233	2892141.416	0.5381171700
5813486.619	3166120.008	0.4923732580
5813660.788	3245986.926	0.4785331190
5816873.162	2955629.615	0.5153122540
5817598.205	3389749.699	0.4657316510
5824572.568	3101356.413	0.4939999880
5825610.961	2745627.609	0.5417253380
5830213.889	3333063.352	0.4659996930
5832698.302	2844067.254	0.5381414290
5837027.320	3468470.251	0.4681020680
5837769.886	2677664.004	0.5820000170
5846877.981	3183956.999	0.4970157740
5850666.815	3241722.086	0.4892367720
5852564.462	2989188.493	0.4812436400
5872815.676	2778071.563	0.5435733200
5876224.485	3432174.496	0.4709999860
5876421.993	2875901.856	0.5300846700
5877918.513	3293330.267	0.4926930670
5878621.416	3123472.718	0.4995382130
5883869.613	3189534.751	0.5099999900
5884678.922	3090230.034	0.4981066290
5885963.433	3020496.693	0.4810222390
5893682.659	3161342.932	0.5011600260
5894983.473	2813462.905	0.5360000130
5901863.170	2947474.628	0.5061415430
5910001.137	3380394.687	0.4639999870
5929815.265	3483817.417	0.4743767980
5933284.137	3068231.438	0.4841893910
5940233.591	3244858.039	0.4946465490
5940896.317	3444137.132	0.4764431720
5942796.361	3336231.510	0.5040000080
5944284.002	3018933.734	0.4744645360
5946810.630	2850169.270	0.5291876790
5947162.989	3139179.262	0.4934313600
5959327.566	3099994.328	0.4939999880
5962878.664	2903741.105	0.5134741660
5970306.757	3209585.114	0.4810000060
5986179.092	3038115.834	0.4683157800
5988535.811	3148774.836	0.5000000000
5992416.003	3305769.945	0.4835334120
6013103.767	2827714.656	0.5266079310
6017873.151	3340357.996	0.4777882990
6020224.149	3372920.457	0.4778823850
6020292.911	2874886.948	0.5299999710
6020645.476	3039539.206	0.4469999970
6049423.824	2964618.616	0.4916907550
6050306.162	3181525.574	0.4780186410
6054776.613	3098192.072	0.4889999930
6058010.475	3237629.907	0.4530000090
6065941.393	2758520.354	0.5263322000
6073247.846	2909669.434	0.5277726650
6094859.623	3280596.237	0.4698995950
6101753.041	3324929.892	0.4737450780
6103735.878	2833418.073	0.5151641960
6121797.168	2886600.165	0.5080000160
6122714.790	3141694.498	0.5009999870
6123065.723	3021073.914	0.4781018200
6126225.549	2738889.770	0.5058086510
6126848.448	3236567.488	0.4739186470
6134703.202	2773059.518	0.5202493670
6134866.798	3169893.208	0.4898635150
6136134.177	2824583.328	0.5245494250
6145216.815	2941898.897	0.5303685070
6150537.159	3315224.296	0.4749999940
6155174.290	3058133.979	0.4827620690
6157578.215	2690444.567	0.5360000130
6165226.991	3127278.234	0.4898682240
6172130.603	2809256.352	0.5130000110
6181251.866	2716004.483	0.5170000200
6184802.133	3156384.162	0.4872653190
6191430.158	3286787.963	0.4752860370
6196767.363	3009633.266	0.5298394560
6199161.325	2879783.220	0.5709999800
6199970.277	2704654.123	0.4480000140
6203903.603	3207486.730	0.4791772960
6204623.747	2676758.890	0.4510000050
6209201.512	2684205.907	0.5339999790
6213883.590	2717273.519	0.4480000140
6213966.092	2851397.849	0.5431504250
6214317.322	2689887.328	0.6029999850
6214862.506	2964583.484	0.5295885800
6218161.469	2801526.585	0.5407798890
6222184.954	2755590.810	0.5086070900
6222364.972	2712311.478	0.5225489740
6227454.663	3124483.757	0.4947965150
6229325.091	3357909.599	0.4614438120
6231343.552	3181949.188	0.4800577460
6246285.391	3075696.663	0.4976663590
6254779.417	2961299.376	0.5170000200
6259242.210	3263071.492	0.4799079600
6264707.380	3042722.460	0.4865246710
6267817.896	3320921.385	0.4637785260
6271812.700	2755289.820	0.5559999940
6280635.732	2774273.599	0.5467460160
6292481.692	3365393.445	0.4618771670
6300507.129	2833066.643	0.5387602450
6307670.115	3310900.112	0.4710533320
6316653.332	2998590.969	0.5513598920
6324693.665	3099965.049	0.4806612730
6328786.278	3220460.106	0.4772084360
6335552.453	3158634.656	0.4715348180
6343031.362	2840937.744	0.5170000200
6358069.332	3042836.233	0.5502417680
6366722.455	3349892.071	0.4679999950
6369493.604	3206840.861	0.4630000000
6397771.123	3151737.303	0.4749327300
6409987.124	3329806.968	0.4679999950
6415567.905	3252658.681	0.4679999950
6452941.816	3209628.286	0.4630000000
3161214.162	3107617.277	0.5240300890
3187636.512	3616516.161	0.4878599940
3200229.794	3648744.733	0.4858897630
3236109.119	3125653.069	0.4900000100
3237964.503	3110040.491	0.5120701190
3245370.951	3677891.853	0.4749513270
3248392.402	3638083.283	0.4843458530
3255738.844	3581266.480	0.4813182950
3274536.802	3649131.559	0.4651485980
3283867.403	3623639.937	0.4449999930
3285410.027	3932874.224	0.5831346510
3288356.086	3147041.143	0.5386707780
3289227.032	3284619.530	0.5044174190
3291543.302	3832686.630	0.6119999890
3301472.528	3679206.072	0.4803634580
3308357.923	3734944.833	0.5168787840
3323341.693	3122981.964	0.5659999850
3331379.844	3324983.841	0.4659999910
3334340.291	3398361.978	0.5017151240
3335467.780	3276019.050	0.5045576690
3335982.891	3700895.790	0.5048207040
3336734.170	3204384.082	0.5424893500
3358156.265	3446029.181	0.5030000210
3358259.472	3254452.595	0.5188962820
3369492.392	3627165.229	0.4953098300
3370170.242	4010791.149	0.5529999730
3370751.522	3538636.519	0.5289999840
3373819.286	3196975.183	0.5239999890
3375067.864	3900025.571	0.5334417820
3377025.287	3339179.760	0.4778467420
3391823.039	3229715.174	0.5239999890
3393566.587	3304080.739	0.4825549420
3393642.535	3421210.979	0.4899986090
3394613.670	3167379.456	0.5293334130
3400275.783	3963240.843	0.5276340840
3406621.587	3694407.934	0.5569999810
3412018.156	3002672.433	0.5554116370
3417805.356	3378288.219	0.4790000020
3418657.907	3736381.125	0.4740000070
3425453.980	3433845.690	0.5255366560
3426372.423	3608803.116	0.5228605870
3430428.363	3843390.587	0.4495059550
3438706.208	3176004.978	0.4920000140
3439758.020	3939340.477	0.4934633970
3442456.250	3119951.554	0.5228539710
3445104.150	3572950.152	0.5460505490
3446133.178	3314756.559	0.5085711480
3448768.865	3296190.195	0.5097582340
3452522.108	3231363.619	0.4979999960
3457720.921	3417368.893	0.5057739020
3459649.495	3525722.950	0.5595086220
3459827.113	3454781.041	0.5349913240
3461351.402	3696030.235	0.4785684650
3471669.737	3372713.356	0.4790000020
3476178.923	3578126.480	0.5306732060
3476740.095	3772515.923	0.4621710780
3479241.021	3995245.059	0.5236387850
3487461.058	3655265.776	0.4830000100
3490111.047	3869957.340	0.4210000040
3490428.934	3142025.469	0.5260000230
3491991.560	3724946.106	0.4779999850
3492578.502	3222644.111	0.4720000030
3495919.073	3938234.299	0.4415166680
3499961.245	3187531.299	0.5370000000
3501136.820	3294690.163	0.5195801260
3503122.820	3182689.990	0.5370000000
3503840.090	3560202.999	0.4773609340
3515552.723	3179363.085	0.5258524420
3515741.944	3915400.242	0.4050000010
3515998.215	3426670.846	0.4690000120
3519444.258	3258959.652	0.4350893800
3522452.988	3564480.263	0.4967612620
3523116.521	3402186.485	0.4941111510
3523250.000	3619073.199	0.4800725880
3524301.809	3114039.265	0.5190423130
3525089.212	3246507.301	0.4930000010
3530591.265	3768107.755	0.4359999900
3530712.781	3327475.964	0.5000000000
3531519.232	3919347.628	0.4146800040
3543246.971	3475474.440	0.4633434120
3544517.690	3641777.132	0.5081363920
3546388.852	3845344.829	0.4244023560
3546582.539	3689576.201	0.4730937480
3552487.935	3309934.846	0.5160909300
3554890.594	3135435.052	0.5227388140
3555693.502	3225719.614	0.1729999930
3559584.185	3182521.976	0.4880000050
3560414.048	3997746.997	0.4727827010
3564647.140	3608201.584	0.5231332180
3569255.513	3380283.051	0.4589999910
3572947.389	3185530.526	0.5014858840
3573655.937	3525732.224	0.4609999950
3576055.647	3813648.187	0.4336243270
3576728.422	3230037.119	0.3416635390
3578311.946	3506159.238	0.4956845940
3581074.749	3513250.016	0.4871138930
3581800.195	4050483.952	0.4609999950
3586584.371	3851435.236	0.4370000060
3586952.922	3471212.201	0.4600000080
3587454.262	3495307.679	0.5011450650
3589702.803	3649279.178	0.4600000080
3597942.260	3204390.125	0.5099999900
3598600.829	3131460.021	0.5508939030
3601282.720	3211417.700	0.5099999900
3601599.018	3905419.293	0.4313372080
3604156.737	3344274.020	0.4603434500
3607654.982	3165487.869	0.5289999840
3608746.037	3286568.499	0.4600613120
3615181.717	3328914.260	0.4620000120
3619401.081	3375831.501	0.4584452510
3619770.910	3180664.051	0.5388476250
3620544.882	3406497.122	0.4811833200
3620598.080	3391652.490	0.4569999870
3621115.317	3547956.563	0.4876554910
3622489.336	3204662.965	0.5298677090
3636737.572	3467181.448	0.4600000080
3641936.626	3131633.164	0.5619999770
3642448.563	3379333.834	0.4778588120
3657624.418	3489752.917	0.4786192480
3659232.241	3351447.192	0.4889708160
3664680.939	4101983.101	0.5198673010
3665781.946	3241454.908	0.5116040110
3671086.270	3374757.153	0.4901781980
3684618.590	3323688.988	0.5396639700
3687086.385	3199812.978	0.5097512010
3700963.209	4164454.527	0.5630000230
3703431.762	3261384.102	0.4830000100
3718991.004	3173446.718	0.5009999870
3725989.290	3352132.840	0.5535047650
3729937.049	4228736.169	0.5630000230
