3132742.027	887719.734	0.1850000020
3144160.851	1036945.934	0.1920000020
3232306.027	1422577.165	0.2469999940
3235756.006	1390541.044	0.1710000040
3267511.658	1407951.549	0.1920000020
3282141.196	1437256.370	0.2610000070
3317464.796	1151450.177	0.1599999960
3347448.888	1416788.322	0.1620000000
3351060.790	1471789.062	0.2080000040
3351881.111	1202065.228	0.1659999940
3354697.420	1463877.941	0.2080000040
3357386.435	1236339.321	0.1640000050
3387235.661	1479801.394	0.2389999930
3396846.006	1293853.385	0.1679999980
3413239.878	1371073.777	0.1609999980
3417516.864	1409293.919	0.1679999980
3422714.029	1482521.566	0.1870000060
3460092.135	1461177.201	0.1679999980
3477910.208	1230510.750	0.1829999980
3536368.497	1505705.290	0.1829999980
3539114.708	1409498.413	0.1589999940
3614941.611	1381258.059	0.1580000070
3618338.468	1506136.243	0.2000000030
3625882.692	874470.949	0.1640000050
3663264.968	1499888.000	0.2109999950
3685147.813	1128766.540	0.1870000060
3700582.185	1549864.221	0.2210000010
3705852.154	1280962.494	0.1620000000
3710325.392	1539777.987	0.1969999970
3729980.508	1066500.444	0.1850000020
3785290.856	1535399.560	0.1879999940
3788789.032	1384421.950	0.1690000000
3818555.205	1418969.761	0.1800000070
3845505.977	1461168.013	0.1720000060
3876779.041	1530756.461	0.2370000030
3879718.276	1005011.897	0.1800000070
3890051.214	1471126.903	0.1710000040
3926470.882	1316775.394	0.1920000020
3950381.736	972035.114	0.1780000030
3950659.837	1535586.627	0.2520000040
3950747.358	1537422.439	0.2520000040
3955467.541	1130506.407	0.1819999960
3984726.276	1418243.266	0.1599999960
4014366.574	1475571.262	0.1679999980
4018363.823	1169655.892	0.1809999940
4042386.879	1540455.876	0.2479999960
4058142.907	1427954.664	0.1640000050
4091954.973	1492774.730	0.1620000000
4124606.341	1532124.517	0.2020000070
4136676.679	1471270.516	0.1910000000
4148221.200	1375712.273	0.1659999940
4181694.692	1538080.562	0.2099999930
4291466.532	2684312.616	0.1609999980
4300239.022	2702048.807	0.1529999970
4301902.425	2709631.227	0.1529999970
4335142.787	2682397.489	0.1580000070
4338464.527	2668520.900	0.1840000000
4345046.340	2668911.747	0.1350000050
4345115.897	2652072.292	0.1850000020
4363764.344	2669767.123	0.1369999950
4377545.332	2709884.964	0.1550000010
4399219.073	2639787.902	0.1599999960
4423755.627	2683875.854	0.1439999940
4431813.217	2678473.486	0.2080000040
4483839.648	2720311.448	0.1529999970
4486308.425	2682402.662	0.1379999970
4499307.171	2703364.990	0.1840000000
4507956.138	2657516.905	0.1459999980
4520263.542	2672388.926	0.1990000010
4523939.696	2722551.375	0.1400000010
4527957.041	2694535.028	0.1809999940
4532376.884	2694333.246	0.1340000030
4535301.394	2638669.416	0.1350000050
4545276.272	2664069.413	0.2099999930
4545892.764	2664460.884	0.2099999930
4545922.269	2747686.571	0.1570000050
4546037.201	2794778.216	0.1620000000
4547814.078	2683439.736	0.1299999950
4549838.424	2746545.641	0.1570000050
4550556.820	2622959.523	0.1420000050
4552982.646	2767622.397	0.1700000020
4556778.364	2630262.377	0.1430000070
4559493.062	2697646.993	0.1340000030
4561769.578	2694408.121	0.1459999980
4564250.440	2704524.881	0.1459999980
4566607.556	2651426.651	0.1420000050
4571509.998	2754347.747	0.1570000050
4575024.583	2822753.179	0.1640000050
4579248.125	2795318.291	0.1650000070
4580062.796	2741946.980	0.1570000050
4582088.630	2702916.238	0.1350000050
4590591.174	2688113.229	0.1589999940
4592922.867	2732170.491	0.1379999970
4594454.102	2783623.771	0.1899999980
4595332.325	2708000.784	0.1509999930
4596185.979	2671332.276	0.1330000010
4599481.241	2751968.964	0.1979999990
4602101.688	2616569.394	0.2380000050
4605112.334	2678083.700	0.1340000030
4605485.129	2729283.282	0.1389999990
4605557.254	2763040.180	0.1550000010
4615557.689	2631520.707	0.1609999980
4615651.527	2836489.263	0.1659999940
4617214.946	2723396.766	0.1420000050
4617822.222	2619403.607	0.1519999950
4628977.108	2779883.522	0.1650000070
4632296.599	2800858.207	0.1669999960
4632621.465	2722012.128	0.1369999950
4638067.543	2675396.238	0.1319999990
4638870.683	2807360.658	0.1739999950
4640662.664	2646421.650	0.1389999990
4645612.746	2743539.679	0.1410000030
4651695.449	2624611.890	0.1589999940
4653902.517	2831646.707	0.1490000040
4680916.543	2687809.806	0.1420000050
4685648.522	2789288.706	0.1570000050
4686600.544	2616734.523	0.1369999950
4689771.841	2883929.020	0.1500000060
4690020.413	2639776.673	0.1490000040
4699212.447	2704240.517	0.1389999990
4700160.113	2762046.395	0.1330000010
4704412.594	2847413.992	0.1400000010
4715848.206	2856419.023	0.1620000000
4716691.333	2816710.787	0.1940000060
4717157.597	2713283.745	0.1430000070
4718210.160	2756071.688	0.1480000020
4720614.911	2717987.554	0.1420000050
4735130.311	2691365.438	0.2020000070
4735343.846	2668728.128	0.1609999980
4736831.806	2827498.300	0.1539999990
4737445.037	2784055.866	0.1720000060
4742037.485	2833854.344	0.1539999990
4745713.516	2678227.168	0.1759999990
4754325.495	2750612.787	0.1749999970
4757439.398	2867425.613	0.1700000020
4758836.816	2749105.729	0.1330000010
4759234.608	2740584.334	0.1669999960
4763299.425	2759497.821	0.1319999990
4772603.118	2763786.965	0.1749999970
4774326.087	2819891.255	0.1580000070
4775202.796	2729422.713	0.1759999990
4778361.089	2637502.340	0.1749999970
4787191.955	2766116.419	0.1519999950
4789008.993	2789514.066	0.1669999960
4792129.003	2813219.038	0.1809999940
4793847.326	2807596.902	0.1700000020
4798358.150	2799806.998	0.1720000060
4800645.591	2697712.117	0.1550000010
4806199.651	2783941.453	0.1589999940
4809370.832	2861444.999	0.1609999980
4809751.373	2799137.653	0.1690000000
4809839.135	2770678.962	0.1729999930
4831500.476	2783253.285	0.1739999950
5244871.104	3478054.035	0.1560000030
5252096.756	3310843.078	0.1589999940
5319221.656	3527864.525	0.1539999990
5353356.223	3666878.575	0.1420000050
5380128.791	3453207.049	0.1550000010
5414263.931	3344658.117	0.1620000000
5415959.888	3717892.268	0.1500000060
5432743.203	3774458.986	0.1509999930
5447801.658	3671039.033	0.1439999940
5466214.598	3565695.023	0.1589999940
5484613.486	3468895.812	0.1519999950
5492053.161	3749564.184	0.1470000000
5505992.189	3685731.101	0.1529999970
5510643.522	3526037.333	0.1509999930
5511407.815	3615805.830	0.1500000060
5528039.955	3383032.728	0.1509999930
5555332.972	3577363.546	0.1490000040
5569206.081	3693961.120	0.1560000030
5581897.770	3512169.605	0.1420000050
5585272.488	3546246.130	0.1449999960
5589559.818	3752012.522	0.1550000010
5620420.149	3386736.888	0.1620000000
5620812.203	3609851.794	0.1500000060
5625355.123	3674659.798	0.1459999980
5650221.400	3494700.652	0.1560000030
5656627.629	3421577.918	0.1519999950
5662710.909	3662405.214	0.1509999930
5693963.651	3572393.609	0.1570000050
5697116.612	3380374.992	0.1529999970
5725031.870	3458955.391	0.1630000030
5764074.669	3583387.584	0.1490000040
3806964.559	3133878.447	0.1700000020
3823323.473	3145307.410	0.2099999930
3837581.958	3110383.272	0.1550000010
3876411.018	3110584.887	0.1599999960
3884665.056	3068925.392	0.1529999970
3888087.020	3137511.148	0.1509999930
3923123.812	3091862.230	0.1630000030
3927364.100	3054336.755	0.1580000070
3934670.193	3135626.095	0.1570000050
3936828.999	3101979.859	0.1560000030
3939644.485	3027378.012	0.1630000030
3944676.569	3064208.250	0.1529999970
3952013.315	3084129.385	0.1609999980
3974990.053	3110417.988	0.1529999970
3991639.616	3001541.592	0.1630000030
4000606.705	3069729.579	0.1630000030
4004145.681	3127117.059	0.1379999970
4031345.802	3049339.118	0.1650000070
4042171.882	3052467.635	0.1519999950
4050141.716	3046475.034	0.1400000010
4892197.734	2435605.001	0.1630000030
4952348.215	2378508.208	0.1509999930
4953804.653	2281994.811	0.1759999990
4987289.801	2326500.196	0.2370000030
4998892.171	2344543.465	0.1599999960
5011902.648	2422370.450	0.1599999960
5341321.033	2427149.271	0.1790000050
5348550.109	2407726.602	0.1669999960
5372192.680	2218458.068	0.1570000050
5373942.448	2293813.630	0.1650000070
5383233.459	2395059.593	0.1889999960
5407143.461	2260236.031	0.2349999990
5415351.880	2269229.536	0.1650000070
5417228.302	2331616.975	0.1700000020
5425805.019	2147162.304	0.1780000030
5434799.787	2293455.979	0.2169999930
5440170.945	2221112.490	0.2029999940
5442537.657	2390920.124	0.1930000040
5498402.795	2369679.909	0.1759999990
5500486.694	2236228.523	0.1650000070
5511423.930	2343954.832	0.1669999960
5531913.051	2293322.948	0.2560000120
5545422.346	2228113.789	0.1630000030
5546004.605	2186746.920	0.1889999960
5553340.499	2405417.026	0.1809999940
5581872.694	2250642.946	0.1650000070
5588560.058	2352266.226	0.1710000040
5595530.898	2440917.678	0.1679999980
5597406.409	2191538.795	0.1710000040
5645161.487	2419636.454	0.1860000040
5652269.048	2318745.796	0.1840000000
5681877.214	2270351.241	0.1650000070
5692287.721	2493282.158	0.1879999940
5748119.440	2321786.781	0.2090000060
5768167.510	2406682.862	0.2090000060
5787143.107	2285470.412	0.2220000030
5804632.142	2434880.151	0.2610000070
5805594.560	2454245.432	0.2099999930
2932964.974	1566936.104	0.2430000010
3136370.345	1458576.402	0.2509999870
4631103.599	2466949.850	0.1650000070
4631955.909	2429124.892	0.1949999930
4669551.295	2479807.921	0.2070000020
4676917.417	2390909.235	0.2290000020
4682784.090	2509161.976	0.1780000030
4698823.431	2417329.825	0.2290000020
4707755.399	2443894.932	0.2169999930
4715570.572	2424639.938	0.2240000070
4731163.974	2475575.835	0.1700000020
4738140.133	2350414.385	0.2460000070
4747871.175	2397441.218	0.1679999980
4750946.254	2347617.345	0.1860000040
4756317.477	2503076.303	0.1690000000
4776888.813	2576512.646	0.1700000020
4784002.078	2551343.990	0.2140000020
4785221.820	2541069.718	0.1910000000
4789942.114	2541674.168	0.1910000000
4792476.921	2532588.518	0.1710000040
4797444.160	2310341.171	0.2150000040
4810624.252	2595261.659	0.1710000040
4817752.153	2235979.143	0.2460000070
4818755.678	2507586.868	0.1729999930
4818976.818	2346298.707	0.1589999940
4830818.449	2291504.488	0.2109999950
4836097.852	2164361.347	0.2500000000
4841854.575	2288971.857	0.2349999990
4845216.343	2251253.034	0.2339999970
4853803.693	2557850.664	0.1759999990
4879643.348	2557100.273	0.1809999940
4883441.058	2524885.154	0.1630000030
4886594.964	2210429.946	0.2389999930
4891083.107	2268851.859	0.2230000050
4927843.429	2245673.531	0.2119999970
4949656.776	2483770.056	0.1620000000
4984553.106	2206635.708	0.2660000030
4989838.480	2526285.986	0.1749999970
5000469.634	2199242.905	0.2450000050
5004427.993	2489597.904	0.1759999990
5009984.330	2524769.112	0.1720000060
6370772.749	1597810.801	0.2450000050
6389748.600	1588208.594	0.2440000030
6439271.724	1667957.654	0.1949999930
6446766.249	1669465.800	0.1879999940
6466037.817	1645504.444	0.2399999950
4492814.512	2997738.846	0.1439999940
4514689.985	2953981.139	0.1650000070
4528806.015	3015415.550	0.1459999980
4558000.215	3035532.392	0.1490000040
4564686.934	2966955.764	0.1480000020
4585112.543	2890213.559	0.1589999940
4598769.223	2935446.676	0.1560000030
4599630.995	3056167.270	0.1570000050
4606489.541	3071394.273	0.1630000030
4616719.668	3046895.184	0.1410000030
4625466.531	3007470.442	0.1529999970
4637319.091	2907884.363	0.1620000000
4639804.287	2998069.651	0.1529999970
4645682.176	3010546.055	0.1599999960
4674616.590	3084913.881	0.1439999940
4688394.842	2952769.545	0.1539999990
4707251.353	2995238.758	0.1539999990
4717405.105	2908757.930	0.1589999940
4724568.193	3079278.458	0.1550000010
4731990.035	3005454.034	0.1509999930
4737310.791	2957503.113	0.1529999970
4755435.938	2975928.140	0.1710000040
4766596.584	2913377.823	0.1700000020
4766903.961	2881770.513	0.1580000070
4768408.812	2906083.526	0.1700000020
4769975.824	3045800.763	0.1790000050
4780588.293	3005762.341	0.1509999930
4808312.760	2915154.236	0.1630000030
4822115.824	2972312.361	0.1659999940
4827809.386	3032954.059	0.1850000020
4857585.168	2949705.641	0.1570000050
4863136.323	2991283.539	0.1790000050
4870157.651	2939805.634	0.1570000050
4905298.171	2986196.492	0.1529999970
4931027.279	2972590.499	0.1780000030
4204981.173	3657412.934	0.2290000020
4211580.803	3735099.955	0.2249999940
4266085.615	3688084.244	0.1490000040
4268626.706	3626263.175	0.1519999950
4274108.875	3570039.829	0.1519999950
4294287.748	3710044.323	0.1550000010
4311898.750	3777501.019	0.1669999960
4329429.575	3664388.429	0.1599999960
4342083.147	3597667.823	0.1599999960
4358774.606	3848435.265	0.2160000060
4375464.540	3626922.164	0.2039999960
4405825.760	3572443.011	0.1920000020
4406701.894	3526080.202	0.1710000040
4446742.264	3497312.500	0.2240000070
4488034.763	3615258.987	0.1870000060
4623648.232	3587235.422	0.2300000040
5770174.771	1092602.499	0.2130000000
5845534.497	844182.639	0.1749999970
5971026.963	1108793.298	0.2099999930
6092844.480	1103412.496	0.2099999930
6193882.601	824875.975	0.1749999970
6230619.810	1154888.887	0.1949999930
6287617.542	1081813.691	0.1850000020
6327257.077	1222804.125	0.2440000030
6376908.755	843883.256	0.1780000030
6393504.372	1077873.117	0.2020000070
6440709.776	1224937.957	0.2689999940
6459737.524	1151607.988	0.1759999990
6529497.781	1057332.595	0.1899999980
6592224.914	999592.460	0.1749999970
6593751.944	1247741.229	0.1990000010
6616775.317	1122004.340	0.1669999960
6653404.727	938413.668	0.1800000070
5009577.909	3977446.864	0.2249999940
5145582.579	4118187.437	0.1640000050
5161127.250	4009594.618	0.1560000030
5242649.615	4110349.817	0.1459999980
5293255.429	4025784.901	0.1519999950
5321696.777	3980948.435	0.1490000040
3449312.820	4428363.279	0.1969999970
4754283.831	5136381.644	0.1659999940
4895346.961	5039953.194	0.1430000070
4921365.267	4226437.606	0.1922478530
4937015.676	4916380.926	0.1439999940
4958685.264	4127147.656	0.2680000070
4975949.665	4363550.891	0.1470000000
4977923.811	4505360.591	0.1420000050
4979250.453	5261748.176	0.1470000000
5022517.443	4908628.175	0.1609999980
5034012.870	5002801.854	0.1400000010
5038470.917	4625394.399	0.1309999970
5040122.680	4453260.175	0.1340000030
5052697.779	4260808.670	0.1459999980
5096564.873	4387274.908	0.1449999960
5105733.330	4795255.839	0.1439999940
5118550.518	4532965.971	0.1580000070
5127539.641	4456898.857	0.1400000010
5136779.121	4968460.444	0.1400000010
5143214.292	4222448.246	0.1690000000
5162364.002	4300921.806	0.1400000010
5200909.091	4766606.541	0.1379999970
5232669.105	4309861.548	0.1570000050
5378043.559	4566596.369	0.1490000040
3216124.583	2931140.073	0.2399999950
3230231.477	2878736.210	0.2579999860
3234044.991	2911514.322	0.2230000050
3251316.339	2847050.719	0.2380000050
3257164.045	2901172.237	0.2020000070
3262109.282	2918370.671	0.1819999960
3269719.060	2863306.688	0.1850000020
3272897.258	2942560.121	0.1920000020
3282585.474	2922674.900	0.1749999970
3297034.841	2946356.367	0.2160000060
3312475.017	2818887.246	0.2189999970
3319179.498	2830854.254	0.1870000060
3326508.014	2775739.952	0.2249999940
3336791.493	2939423.855	0.2000000030
3337812.901	2947134.247	0.1770000010
3369781.738	2803109.458	0.1819999960
3376123.494	2327638.733	0.1959999950
3377037.235	2907188.554	0.1720000060
3381923.225	2698265.721	0.2179999950
3389477.680	2333975.949	0.1889999960
3393769.718	2757214.073	0.2010000050
3405749.469	2764239.436	0.1759999990
3427529.926	2436348.405	0.2070000020
3430277.279	2352848.119	0.1729999930
3430561.818	2458357.426	0.2049999980
3434547.986	2903364.026	0.1690000000
3438049.295	2446171.093	0.1710000040
3440622.374	2615920.320	0.2500000000
3444007.992	2739617.757	0.1669999960
3450321.992	2842117.594	0.1560000030
3453836.341	2687399.786	0.1690000000
3459526.793	2627642.345	0.1949999930
3462283.020	2624220.979	0.1949999930
3464429.681	3026774.412	0.2370000030
3477387.819	2473684.431	0.1710000040
3477901.610	2311580.111	0.1749999970
3478890.594	2370465.622	0.1580000070
3496820.347	3012718.387	0.1870000060
3508521.519	2285180.492	0.1679999980
3518959.265	2561486.655	0.1679999980
3522054.648	2634015.976	0.1599999960
3522955.228	2826830.835	0.1580000070
3523612.503	2764499.311	0.1570000050
3561506.198	2950413.844	0.1539999990
3563529.903	2334322.936	0.1640000050
3569312.270	2387472.017	0.1650000070
3571726.595	2459719.477	0.1580000070
3580354.801	2657296.783	0.1570000050
3590456.716	2807620.863	0.1560000030
3591536.825	2863618.602	0.1519999950
3595699.437	2253835.605	0.1609999980
3604205.872	2981355.884	0.1860000040
3605527.648	2983985.362	0.2109999950
3609020.728	2964410.895	0.1669999960
3623107.552	2309606.783	0.1770000010
3623167.184	2747087.803	0.1599999960
3625078.789	2319059.727	0.1790000050
3629835.933	2363930.722	0.1729999930
3636593.720	2568104.130	0.1800000070
3639964.205	2443015.528	0.1589999940
3650966.344	2486645.141	0.1550000010
3662466.864	2768594.265	0.1480000020
3663154.906	2183768.114	0.1669999960
3679593.153	2809510.965	0.1519999950
3680564.691	2917335.243	0.1560000030
3682343.911	2957289.142	0.1560000030
3682894.131	3018721.484	0.1819999960
3687502.462	2344886.035	0.1700000020
3692154.285	2674487.119	0.1570000050
3693476.925	2595191.672	0.1729999930
3693531.010	2724678.752	0.1430000070
3693682.402	2852479.762	0.1500000060
3694431.715	2266299.805	0.1770000010
3708257.696	2797445.742	0.1519999950
3722095.032	2395599.617	0.1690000000
3722386.629	2451159.964	0.1669999960
3728190.667	3078556.660	0.1819999960
3729304.386	3102907.368	0.2140000020
3734708.799	2882944.073	0.1659999940
3736459.623	2208863.516	0.1899999980
3738810.575	3034963.851	0.1609999980
3741126.760	2690452.835	0.1609999980
3742135.996	2879532.232	0.1659999940
3748635.285	2880705.682	0.1690000000
3751186.683	2956341.766	0.1480000020
3753724.142	2227456.403	0.2179999950
3755907.303	2182568.276	0.2370000030
3759246.306	2885740.020	0.1679999980
3761468.461	2873763.458	0.1589999940
3761820.218	2360334.637	0.1800000070
3762567.521	2688463.718	0.1580000070
3767439.013	2901108.407	0.1599999960
3775733.200	2905659.679	0.1679999980
3777388.202	2931964.784	0.1539999990
3780885.252	2269332.861	0.1969999970
3781904.654	2859752.088	0.1570000050
3784927.717	3132983.839	0.1910000000
3788346.847	2543860.555	0.1580000070
3797499.860	2678203.925	0.1500000060
3806692.295	2356495.454	0.2140000020
3809275.462	2275955.458	0.2269999980
3811309.351	2584158.787	0.1519999950
3829701.659	2460702.777	0.1509999930
3832618.259	2293875.594	0.2070000020
3832728.310	2989916.750	0.1529999970
3832748.565	3073942.777	0.1589999940
3833008.328	3034599.726	0.1560000030
3837852.110	2764038.320	0.1580000070
3861539.495	2607209.682	0.1560000030
3870368.826	2311105.014	0.1949999930
3870575.194	2322064.366	0.1840000000
3872875.199	2397706.220	0.1690000000
3875067.035	2508111.994	0.1620000000
3877894.994	2819051.123	0.1470000000
3888737.196	2927718.137	0.1500000060
3902163.055	2400205.485	0.1700000020
3908507.300	2350837.355	0.1700000020
3910410.352	2282169.142	0.1969999970
3910546.810	2324386.974	0.1690000000
3920138.950	2589981.555	0.1700000020
3924629.554	2343269.121	0.1599999960
3925370.049	2290062.364	0.1780000030
3926643.803	2525893.436	0.1770000010
3933859.574	2271564.596	0.2020000070
3935433.766	2977306.230	0.1420000050
3938051.670	2525272.367	0.1829999980
3945515.741	2848163.318	0.1560000030
3949326.720	2696005.452	0.1599999960
3953516.996	2483893.079	0.1640000050
3958764.083	2551607.756	0.1679999980
3972010.177	2758753.769	0.1720000060
3973959.115	2670299.073	0.1589999940
3977966.637	2630173.845	0.1759999990
3989174.809	2230373.104	0.2210000010
3989599.144	2227942.277	0.2370000030
3994549.949	2465159.307	0.1640000050
3999021.467	2336595.507	0.1659999940
3999631.481	2511566.888	0.1690000000
4006395.254	2228721.429	0.2179999950
4017238.672	2689861.098	0.1650000070
4022840.832	2837794.062	0.1580000070
4027407.305	2259673.008	0.1770000010
4032333.198	2220790.205	0.2280000000
4037939.993	2891735.102	0.1509999930
4042660.076	2390292.256	0.1589999940
4042846.172	2848612.107	0.1519999950
4046059.136	2881470.461	0.1589999940
4048456.601	2748156.977	0.1529999970
4057274.386	2794833.396	0.1529999970
4068255.087	2505398.244	0.1490000040
4074221.206	2275710.343	0.2230000050
4086700.381	2729344.326	0.1659999940
4095265.626	2286349.212	0.2610000070
4127144.249	2760590.256	0.1560000030
4133717.349	2725338.081	0.1550000010
4146724.899	2828886.212	0.1599999960
4205827.026	2091433.896	0.2240000070
4220395.941	2091183.850	0.2210000010
4221255.457	2158149.553	0.1969999970
4232276.352	2170341.134	0.2549999950
4245409.500	2044537.093	0.1780000030
4251976.596	2030634.622	0.2169999930
4267996.381	2055559.023	0.2240000070
4268527.543	2211096.442	0.2349999990
4270772.344	2091309.932	0.2150000040
4278291.941	2160440.816	0.2099999930
4278602.633	2188312.294	0.2700000110
4282914.033	2128491.736	0.2599999900
6876915.644	2607078.836	0.2169999930
6927327.939	2707115.448	0.1829999980
6952465.508	2753091.571	0.1560000030
6981640.938	2658232.895	0.1400000010
6999915.357	2714781.118	0.1749999970
7073194.502	2791915.605	0.1529999970
7105884.930	2694727.579	0.1669999960
7107317.200	2733162.191	0.1700000020
7153200.932	2780147.010	0.1659999940
4046096.671	3081962.120	0.1589999940
4063214.124	3186923.124	0.1519999950
4079729.096	2913250.356	0.1690000000
4080838.383	2965157.721	0.1509999930
4086259.267	3085545.227	0.1500000060
4095498.443	3135249.703	0.1519999950
4098131.484	3033060.038	0.1580000070
4107264.058	2934338.311	0.1700000020
4108510.183	2965832.395	0.1630000030
4109974.993	3147625.495	0.1650000070
4110951.453	2904521.318	0.1620000000
4111467.713	3010241.003	0.1669999960
4111991.255	3223643.464	0.1509999930
4121591.571	3087774.694	0.1470000000
4123370.069	3072853.997	0.1609999980
4124859.247	2985601.918	0.1700000020
4128640.103	2957638.643	0.1430000070
4132871.446	3404730.324	0.2049999980
4136623.151	3368007.547	0.1780000030
4137756.863	3270894.152	0.1519999950
4142536.827	3246587.901	0.1480000020
4149259.709	3036689.101	0.1519999950
4156954.998	3129192.659	0.1539999990
4159302.530	2769383.963	0.1490000040
4160415.239	2808269.741	0.1589999940
4163539.907	3227317.655	0.1519999950
4166358.907	3384967.768	0.1519999950
4171349.045	2754213.046	0.2090000060
4173977.658	2987706.508	0.1550000010
4174307.301	3165763.463	0.1480000020
4177262.094	3063661.379	0.1770000010
4183888.339	3454945.263	0.2649999860
4184244.424	2920681.168	0.1690000000
4187842.629	3239600.070	0.1490000040
4198445.038	3343219.598	0.1529999970
4203838.857	2816428.492	0.1620000000
4204043.192	3202094.983	0.1539999990
4209168.422	3276173.120	0.1490000040
4210371.718	3012780.983	0.1829999980
4214958.965	3120234.520	0.1749999970
4215990.860	2934799.415	0.1509999930
4219688.733	3546809.181	0.2179999950
4220726.276	2994027.949	0.1580000070
4225422.285	3055127.032	0.1470000000
4227058.597	3381538.603	0.1749999970
4227856.772	2777058.814	0.1650000070
4229912.529	3470529.517	0.1959999950
4233072.046	3407403.482	0.1640000050
4233914.171	2997497.036	0.1529999970
4235348.561	3221861.470	0.1560000030
4235470.331	3418490.396	0.1910000000
4237998.598	2873249.022	0.1400000010
4240491.194	3186532.598	0.1509999930
4240527.691	3327503.140	0.1490000040
4240980.860	2910266.153	0.1550000010
4246606.115	2786032.282	0.1640000050
4253451.361	3522074.315	0.1589999940
4256087.238	2956401.972	0.1700000020
4256611.765	3440416.947	0.1640000050
4258442.443	3241916.426	0.1519999950
4259644.324	2730303.538	0.1700000020
4259664.917	3154739.596	0.1449999960
4262249.883	2858098.823	0.1630000030
4263302.737	2841411.303	0.1589999940
4263876.094	3371411.346	0.1490000040
4270490.040	3195422.159	0.1519999950
4270815.913	3111971.086	0.1430000070
4280380.001	2989524.706	0.1459999980
4282471.451	3260221.884	0.1560000030
4282640.998	3132261.849	0.1509999930
4285781.507	2900521.591	0.1560000030
4288859.161	3525400.081	0.1710000040
4289654.320	3484597.715	0.1599999960
4290621.252	3467898.497	0.1480000020
4291861.053	3491995.062	0.1599999960
4292569.515	3430783.588	0.1470000000
4300611.258	3261972.189	0.1519999950
4302217.491	3082090.123	0.1430000070
4307561.521	3317587.238	0.1470000000
4311177.756	2839268.389	0.1770000010
4313297.345	3402883.773	0.1430000070
4314806.857	2789244.272	0.1539999990
4316502.822	3300878.959	0.1420000050
4317294.865	2807758.957	0.1640000050
4317452.325	3043124.033	0.1710000040
4317527.974	3154369.803	0.1410000030
4318581.621	2918930.816	0.1620000000
4318600.644	2961565.284	0.1570000050
4321000.000	3391749.218	0.1529999970
4322078.765	3503032.673	0.1780000030
4322131.554	3276763.271	0.1500000060
4326943.811	3013461.625	0.1490000040
4330748.325	3475222.045	0.1570000050
4333330.519	3312020.322	0.1369999950
4342400.642	2698529.330	0.1330000010
4343039.878	3143290.718	0.1550000010
4343864.650	3451163.256	0.1529999970
4346023.847	2733732.531	0.1550000010
4348157.845	3050613.135	0.1560000030
4351698.143	3243475.779	0.1560000030
4362450.600	3180496.060	0.1550000010
4363541.537	3187926.710	0.1899999980
4366453.587	3366000.954	0.1519999950
4367111.011	3412381.412	0.1470000000
4372458.336	2852465.806	0.1640000050
4373830.015	3193587.782	0.1480000020
4375225.694	3060091.854	0.1770000010
4378817.555	3442179.705	0.1650000070
4384235.417	2785892.529	0.1539999990
4385921.958	2747013.116	0.1599999960
4386889.077	2974943.154	0.1449999960
4388108.816	2772978.751	0.1570000050
4388883.536	3097333.283	0.1519999950
4389879.105	3021331.035	0.1490000040
4390069.858	3492414.105	0.1979999990
4391325.473	2813767.925	0.1529999970
4391729.153	2878633.583	0.1509999930
4395252.862	2700836.706	0.2039999960
4397145.676	3318162.640	0.1439999940
4397206.738	2743456.131	0.1759999990
4399434.531	3171666.521	0.1420000050
4399482.211	2932485.021	0.1490000040
4399701.719	3433209.215	0.1659999940
4401155.192	2901004.979	0.1449999960
4401407.910	3043744.678	0.1720000060
4401446.865	2708322.627	0.1309999970
4401960.713	3229206.008	0.1529999970
4410558.463	2845556.760	0.1570000050
4411497.770	3142190.261	0.1509999930
4412476.070	3394480.554	0.1609999980
4416033.411	3268408.149	0.1369999950
4426005.578	2871775.452	0.1640000050
4430548.313	3226034.967	0.1519999950
4436418.532	2781182.617	0.1640000050
4437630.426	3311537.410	0.1439999940
4449703.596	3052138.118	0.1519999950
4449838.696	3358233.458	0.1480000020
4454413.637	2807539.424	0.1650000070
4455128.746	3024457.261	0.1560000030
4456340.895	3158034.032	0.1509999930
4456453.790	3109800.175	0.1560000030
4457021.648	3454913.740	0.1800000070
4458826.655	2926270.573	0.1470000000
4460021.112	3390057.186	0.1529999970
4461902.700	2993102.226	0.1560000030
4468507.094	3254845.291	0.1400000010
4471025.521	3425652.395	0.1480000020
4471107.475	3087948.594	0.1509999930
4472394.068	3043469.279	0.1400000010
4472440.166	2733884.711	0.1920000020
4474525.267	2884060.949	0.1509999930
4476336.397	3147475.984	0.1570000050
4478611.856	2952785.844	0.1509999930
4483474.036	3316554.280	0.1470000000
4489454.568	3136761.684	0.1519999950
4489930.336	3225844.813	0.1560000030
4497719.770	3472967.794	0.1589999940
4497864.495	3382026.091	0.1589999940
4503422.895	3200330.341	0.1529999970
4506583.516	2799785.255	0.1550000010
4506881.083	3039022.614	0.1580000070
4509452.891	2861062.256	0.1580000070
4510496.179	3313819.548	0.1599999960
4510539.365	2755436.395	0.1650000070
4523046.486	3080451.175	0.1609999980
4529742.548	3257047.652	0.1529999970
4530543.627	3039921.868	0.1879999940
4537132.777	3136703.291	0.1500000060
4539409.677	3393015.732	0.1650000070
4539531.592	3188785.919	0.1360000070
4542413.261	3513860.374	0.2240000070
4543374.154	3448910.233	0.1650000070
4543712.686	3064598.947	0.1550000010
4545187.976	3267014.237	0.1589999940
4545811.867	3278183.447	0.1580000070
4547364.620	3478818.630	0.1739999950
4548628.924	3361877.390	0.1500000060
4549713.598	2894155.553	0.1959999950
4551975.914	3267326.992	0.1589999940
4552846.974	3272938.630	0.1589999940
4557407.243	2885205.980	0.1480000020
4560347.107	3258432.775	0.1539999990
4561125.189	3222693.201	0.1379999970
4568324.469	2831904.518	0.1700000020
4568892.936	3177145.014	0.1439999940
4576214.492	3467289.879	0.2339999970
4583009.566	3363620.571	0.1519999950
4585623.882	3075853.594	0.1759999990
4585684.017	3120422.565	0.1580000070
4589149.050	3412263.842	0.1589999940
4589201.295	3332367.597	0.1539999990
4602188.027	3242061.271	0.1589999940
4617244.296	3099863.269	0.1519999950
4618690.176	3194700.685	0.1550000010
4629414.874	3280847.956	0.1480000020
4666930.262	3129006.660	0.1529999970
2937045.575	1592750.303	0.2360000010
5174602.647	1891868.072	0.2150000040
5245058.093	1734220.070	0.2349999990
5261363.822	1792238.227	0.2349999990
5278837.467	1999599.455	0.1700000020
5316365.898	1722167.716	0.2119999970
5323260.170	1989629.100	0.1840000000
5369050.192	1609323.937	0.2610000070
5387581.469	1925286.656	0.1800000070
5393589.837	1639186.973	0.2150000040
5398108.931	1844865.933	0.1829999980
5419111.374	2029763.606	0.2090000060
5420068.121	1695562.783	0.1650000070
5494858.022	1568388.940	0.2759999930
5511541.537	1770992.477	0.2169999930
5533357.744	1737534.367	0.2269999980
5546481.831	2105844.913	0.2269999980
5575525.724	1884072.104	0.2479999960
5607019.327	1498939.211	0.2460000070
5614568.574	1638604.384	0.2479999960
5620495.088	2000169.402	0.2179999950
5658068.397	2113673.666	0.1819999960
5689398.865	1696480.951	0.2210000010
5705662.712	1501149.648	0.2500000000
5729452.814	1844051.633	0.2119999970
5753626.451	1932383.249	0.2179999950
5810429.222	1790257.652	0.2269999980
5843363.875	1693941.366	0.2430000010
5880111.122	1547799.475	0.2770000100
5940971.400	1673367.520	0.2879999880
4801930.628	2665295.941	0.1659999940
4816091.861	2752070.573	0.1640000050
4822601.446	2706156.327	0.1599999960
4839104.698	2663015.615	0.1759999990
4855946.580	2618078.204	0.1609999980
4865042.133	2779020.128	0.1659999940
4868843.551	2645352.863	0.1710000040
4888623.769	2705030.725	0.1640000050
4907760.344	2753599.690	0.1648781000
4915255.879	2692900.258	0.1790000050
4922973.474	2617335.003	0.1700000020
4933368.250	2678078.852	0.1899999980
4944713.520	2761375.665	0.1620000000
4958093.482	2578308.062	0.1819999960
4964598.323	2774858.324	0.1599999960
4972939.148	2712381.242	0.1710000040
4998162.266	2648196.117	0.1560000030
5012233.649	2745138.429	0.1720000060
5016023.645	2605572.968	0.1560000030
5027689.995	2823747.488	0.1500000060
5061908.779	2693604.211	0.1609999980
5068223.128	2801084.229	0.2179999950
5094862.881	2808533.547	0.1700000020
5095415.870	2720605.693	0.1720000060
5096959.110	2874415.724	0.1659999940
5098004.921	2623667.879	0.1640000050
5117223.565	2783635.682	0.1659999940
5120063.025	2834664.282	0.1729999930
5172446.691	2683108.009	0.1690000000
5191767.016	2776186.669	0.1729999930
5204462.423	2832726.219	0.1669999960
5217601.667	2883792.755	0.1669999960
7186992.715	2474899.600	0.1920000020
7268463.456	2414010.900	0.1770000010
7315163.099	2325277.330	0.1860000040
7391408.035	2419403.500	0.2080000040
7406510.039	2259638.593	0.1790000050
7416060.964	2340005.720	0.2000000030
7435065.492	2487346.290	0.1739999950
7440193.433	2645783.740	0.1780000030
7473885.524	2232167.845	0.1560000030
7494461.436	2456417.490	0.1609999980
2948904.234	3395124.593	0.1969999970
3035821.377	3638004.374	0.1819999960
3058855.665	3453559.003	0.1580000070
3063124.857	3354097.995	0.1800000070
3077229.124	3344663.628	0.1910000000
3084165.840	3564526.475	0.1410000030
3100060.938	3581481.461	0.1509999930
3136629.574	3477560.354	0.1379999970
3182095.242	3518056.878	0.1379999970
3233704.718	3716417.266	0.1800000070
3236132.276	3478338.543	0.1400000010
3251333.777	3490115.655	0.1480000020
6656846.211	1375168.639	0.2310000060
6664386.205	1377686.890	0.2310000060
6677180.214	1295209.365	0.1949999930
6689287.461	1498356.404	0.2210000010
6739776.207	1119910.309	0.1969999970
4114503.768	2517078.201	0.1480000020
4126035.346	2344123.407	0.1640000050
4136097.230	2457411.097	0.1920000020
4141979.652	2438446.390	0.2220000030
4147704.554	2366921.111	0.1930000040
4164696.463	1942364.484	0.2349999990
4173528.499	2318192.121	0.2300000040
4175554.970	1950081.520	0.1819999960
4188237.843	1851231.145	0.2189999970
4228224.355	2367678.894	0.2469999940
4231411.049	1807307.316	0.1910000000
4236408.602	2382718.922	0.1889999960
4239368.239	1795471.226	0.2140000020
4262902.853	2483361.949	0.1940000060
4264850.324	2482177.622	0.1920000020
4268820.527	2357527.384	0.2220000030
4272792.222	1841838.232	0.2029999940
4278675.822	1779245.432	0.2349999990
4280093.295	1978052.309	0.2010000050
4296337.284	1871147.971	0.2220000030
4297589.016	2506059.927	0.1990000010
4299900.878	2421997.658	0.1739999950
4306281.666	2328545.828	0.2153698500
4343208.606	2478310.101	0.1920000020
4352968.724	2286113.045	0.1959999950
4353858.501	2180867.216	0.2349999990
4361778.560	2627765.689	0.1759999990
4364493.294	2483734.341	0.2290000020
4377082.176	2342870.316	0.2529999910
4388976.606	2475478.049	0.1899999980
4400904.190	2561293.574	0.2189999970
4407949.327	2183240.804	0.1899999980
4417391.035	2143180.968	0.2130000000
4417783.526	2300701.969	0.1720000060
4419169.653	2298152.409	0.1720000060
4423524.741	2595034.751	0.1679999980
4424528.636	2381165.632	0.1850000020
4448767.468	2413077.518	0.1800000070
4448770.654	2412922.251	0.1800000070
4458794.146	2577971.504	0.1690000000
4471096.371	2263098.125	0.1599999960
4473317.385	2105077.262	0.2579999860
4485325.388	2510178.567	0.2010000050
4486539.216	2345590.860	0.1819999960
4490563.722	2626963.689	0.1430000070
4490620.414	2150427.256	0.1819999960
4490844.408	2150710.276	0.1819999960
4491402.015	2506655.896	0.1949999930
4497963.776	1529453.606	0.2099999930
4504138.191	2372873.383	0.2109999950
4504486.781	2349308.093	0.1940000060
4504591.393	2111506.971	0.2240000070
4505048.543	2491003.658	0.2240000070
4507738.061	2080232.682	0.2080000040
4507740.936	2483094.443	0.2240000070
4522487.188	2550226.231	0.1990000010
4522487.188	2550226.231	0.1990000010
4525828.642	2064797.491	0.2249999940
4529005.634	2097508.335	0.1800000070
4530904.549	2327508.939	0.2029999940
4536432.817	2082034.710	0.2000000030
4541633.420	1651945.462	0.2039999960
4542069.254	2271582.167	0.1959999950
4542514.767	2271598.379	0.1959999950
4548233.525	2103346.916	0.1749999970
4557456.797	2545999.039	0.1979999990
4560912.372	1386820.907	0.2709999980
4564657.875	2054495.006	0.1889999960
4571164.080	1984130.272	0.2520000040
4591051.083	2530158.054	0.1879999940
4592826.619	2284734.392	0.1990000010
4594430.676	1683552.712	0.2489999980
4596201.342	2605772.792	0.1500000060
4596423.868	2605783.541	0.1500000060
4596852.361	2066338.122	0.1749999970
4599488.225	1609914.487	0.2220000030
4599601.933	1741584.423	0.2360000010
4613442.179	2514517.617	0.2199999990
4620738.407	2104908.989	0.1580000070
4625879.588	1633426.889	0.2160000060
4625879.588	1633426.889	0.2160000060
4665164.413	2004938.082	0.1979999990
4666466.214	2157593.292	0.2419999990
4678214.867	1949987.062	0.2049999980
4684047.897	1986489.918	0.2269999980
4699581.078	1566535.876	0.2750000060
4699583.237	1566491.892	0.2750000060
4701788.159	1620703.119	0.2169999930
4710552.724	2063320.023	0.2179999950
4736412.177	2113363.776	0.2599999900
4738193.428	1960117.326	0.2240000070
4747555.243	1735339.488	0.2639999990
4759402.337	1606373.276	0.1850000020
4762497.756	2009768.650	0.2049999980
4765845.166	1558369.982	0.2319999930
4772099.653	1613956.088	0.2049999980
4773755.916	1896046.490	0.2460000070
4778207.155	1761693.739	0.2500450310
4783399.642	1528584.390	0.2639999990
4793990.127	1571226.854	0.2520000040
4799183.839	2066560.378	0.1739999950
4810076.866	1697602.358	0.2549999950
4817531.318	2086884.408	0.2310000060
4819847.421	1683582.742	0.2399999950
4829417.046	1852138.188	0.2440000030
4835935.632	1908522.564	0.2290000020
4835935.632	1908522.564	0.2290000020
4865124.566	1780228.435	0.2130000000
4875316.283	1828154.398	0.2249999940
4875316.283	1828154.398	0.2249999940
4890569.849	2029709.344	0.2119999970
4896300.161	1782527.455	0.2669999900
4900696.758	2028259.294	0.2750000060
4907378.214	1951994.128	0.2000000030
4908326.244	1990079.167	0.1780000030
4995525.314	1986821.280	0.2249999940
5015584.876	1942062.030	0.1860000040
5037597.730	1896982.546	0.2549999950
5048748.658	1931535.406	0.2500000000
6733304.417	1465128.032	0.2160000060
6744440.287	1121460.556	0.1930000040
6744461.174	1292807.014	0.2080000040
6762674.455	1409428.754	0.2099999930
6770834.380	1381266.683	0.1669999960
6774758.425	1458373.038	0.1829999980
6799193.317	1211236.665	0.1739999950
6858958.151	1469361.208	0.1860000040
6943848.236	1536626.164	0.1840000000
7013727.920	3703846.972	0.1449999960
7026340.471	3925496.820	0.1420000050
7070621.798	3504302.491	0.1519999950
7082503.898	3819797.114	0.1470000000
7160604.078	3879477.879	0.1439999940
7171855.967	3394018.562	0.1609999980
7192381.098	3736360.961	0.1470000000
7309965.590	3551605.525	0.1729999930
7348921.427	3231643.239	0.2169999930
7356261.670	3854202.524	0.1439999940
7414619.189	4073745.944	0.1350000050
7488726.622	3967835.354	0.1369999950
4997227.318	3760930.912	0.1819999960
5067134.708	3915762.506	0.1790000050
5083274.316	3797808.200	0.1509999930
5166367.801	3840672.596	0.1529999970
5333991.312	3936731.810	0.1529999970
5352040.519	3767946.675	0.1439999940
6661692.894	1587830.142	0.2660000030
6669668.056	1664547.479	0.2541691360
6693965.306	1599080.308	0.1940000060
4271952.474	795888.951	0.1710000040
4415463.858	985366.197	0.1790000050
4518591.124	1098538.345	0.2060000000
4565277.940	1012413.996	0.1930000040
4614069.105	1081636.339	0.1780000030
4671338.702	830930.714	0.1729999930
4729949.142	1079815.173	0.1990000010
4802483.244	1060431.328	0.1969999970
4957806.177	938711.416	0.1979999990
5301356.623	1074714.553	0.2060000000
5308390.328	923237.444	0.1959999950
5444562.813	1172592.763	0.1969999970
5510376.256	1181177.316	0.2380000050
5647892.130	1128914.336	0.2389999930
5744104.753	885616.930	0.1790000050
4284552.516	2668611.804	0.1690000000
5014980.137	3679077.191	0.1949999930
5088459.670	3677061.599	0.1519999950
5149005.358	3725767.623	0.1539999990
5202932.605	3615786.799	0.1509999930
5230891.908	3770628.395	0.1480000020
5288597.240	3604793.291	0.1500000060
5297359.906	3707520.663	0.1400000010
4047695.188	2951920.868	0.1679999980
5230113.746	2065150.448	0.1889999960
5285882.929	2170612.959	0.1640000050
4729664.845	1433082.524	0.2249999940
5747511.026	2840159.302	0.1809999940
5040579.415	2185638.445	0.1850000020
5053837.179	2228129.097	0.1729999930
5072985.212	2156017.844	0.2290000020
5078876.299	2296359.507	0.1480000020
5083338.201	2187056.670	0.2049999980
5085220.585	2194726.890	0.2049999980
2600223.277	1156913.592	0.1640000050
2675682.168	1358848.842	0.2720000150
2679044.188	1335522.659	0.2010000050
2692895.384	1059113.397	0.1650000070
2767958.559	1203340.569	0.1669999960
2768648.537	1392213.851	0.2039999960
2782064.334	1218996.024	0.1679999980
2849187.142	1499976.715	0.2090000060
2878128.364	1350275.423	0.1710000040
2879435.643	1557778.922	0.2070000020
2922793.402	1485821.381	0.1770000010
2927818.498	1532000.489	0.2300000040
2928477.753	1345808.821	0.1679999980
2929144.625	1206000.097	0.1480000020
2947370.829	1118957.691	0.1940000060
3023562.875	1359448.167	0.1710000040
3053809.391	1461922.756	0.2469999940
3125986.067	1426881.935	0.1889999960
3221570.337	1389023.244	0.1739999950
3876376.284	3167351.898	0.1940000060
3892733.668	3141742.468	0.1669999960
3897094.315	3175011.016	0.1720000060
3917716.772	3225295.094	0.1990000010
3939722.270	3220136.817	0.1620000000
3940310.332	3243514.789	0.1729999930
3954914.240	3279810.977	0.1710000040
3966076.021	3257811.032	0.1690000000
3970130.857	3173779.219	0.1480000020
3970365.373	3325751.077	0.1930000040
3972600.543	3218705.579	0.1630000030
3981418.004	3293254.662	0.2049999980
3986819.533	3205307.120	0.1539999990
3990958.433	3231915.667	0.1539999990
3999870.695	3158941.655	0.1490000040
4010535.533	3319646.134	0.1889999960
4011576.805	3374738.187	0.1850000020
4016663.899	3270245.079	0.1560000030
4023081.884	3096839.286	0.1570000050
4024103.546	3180717.969	0.1449999960
4024985.539	3129209.213	0.1459999980
4037417.637	3354391.951	0.1669999960
4038031.220	3224103.082	0.1490000040
4043163.529	3295972.876	0.1570000050
4056983.908	3160936.155	0.1500000060
4066682.528	3264885.351	0.1480000020
4068366.880	3373709.428	0.1899999980
4089678.567	3298774.230	0.1480000020
4091828.468	3222802.092	0.1480000020
4092443.913	3340416.140	0.1490000040
4108840.561	3244906.552	0.1430000070
4130508.494	3346659.364	0.1519999950
3640784.112	5403431.351	0.2070000020
4029203.936	4033477.389	0.2489999980
4057490.987	4004702.477	0.1897159810
4062747.121	3958956.289	0.2189999970
4063104.108	4151025.438	0.1659999940
4069084.510	3983535.742	0.1829999980
4070852.505	4222904.107	0.1679999980
4079781.796	4049729.252	0.1550000010
4089566.957	4340426.039	0.1500000060
4097935.747	4149483.883	0.1550000010
4103527.658	4268906.362	0.1389999990
4114465.537	4145137.221	0.1500000060
4115533.241	4066303.574	0.1529999970
4116701.982	3938267.882	0.1490000040
4118380.260	3894668.753	0.2329999950
4119080.090	4303975.078	0.1739999950
4120506.310	4389941.942	0.2150000040
4125304.029	4175232.968	0.1389999990
4139533.215	4317119.534	0.1309999970
4140160.275	4233835.328	0.1729999930
4144058.029	4421803.791	0.2419999990
4146276.919	3879347.433	0.2750000060
4147706.584	4261981.246	0.1379999970
4167048.067	3910114.377	0.1669999960
4170895.163	4148183.759	0.1609999980
4172705.969	4076761.764	0.1500000060
4174410.242	4057601.087	0.1350000050
4185455.853	4168130.662	0.1710000040
4185740.131	4224532.566	0.1430000070
4186147.680	4350436.387	0.1459999980
4193125.732	3953706.832	0.1539999990
4207229.351	3901377.486	0.1749999970
4210188.244	4312618.277	0.1659999940
4218827.749	4045663.597	0.1690000000
4218896.501	4083408.551	0.1529999970
4221610.974	4160459.465	0.1430000070
4235664.343	3993380.236	0.1439999940
4241532.520	3951527.477	0.1570000050
4250716.801	3922524.502	0.2389999930
4273509.671	4105078.530	0.1330000010
4274639.442	4330350.415	0.1459999980
4279548.936	4209780.406	0.1379999970
4282360.406	4201975.760	0.1420000050
4283584.652	4334800.096	0.1500000060
4289065.863	4268548.694	0.1480000020
4300490.817	4057392.647	0.1379999970
4301109.820	4510715.678	0.1640000050
4303803.151	4388695.797	0.1449999960
4313443.087	4468165.367	0.1539999990
4323066.808	4204003.791	0.1410000030
4326878.227	4283218.221	0.1449999960
4327971.433	4072161.386	0.1449999960
4334917.220	4118486.075	0.1490000040
4341022.645	4014773.564	0.1729999930
4342836.699	4588314.703	0.1940601020
4343598.679	4478631.786	0.1529999970
4345551.514	4084033.342	0.1690000000
4346830.491	4221394.444	0.1439999940
4359245.253	4098266.318	0.1829999980
4359247.424	4351868.353	0.1239999980
4361162.947	4093751.043	0.1599999960
4365884.524	4031646.829	0.1829999980
4367876.164	4484272.116	0.1519999950
4368783.904	4005744.182	0.2131483700
4379228.191	4191113.309	0.1529999970
4381232.450	4123321.842	0.1509999930
4384670.966	4021025.912	0.1800000070
4390789.290	4386795.859	0.1239999980
4392310.797	4546504.832	0.1410000030
4398915.121	4229510.098	0.1289999930
4404003.204	4520885.765	0.1439999940
4406929.805	4733356.189	0.1930000040
4408032.947	4479723.467	0.1280000060
4409798.992	4091149.460	0.1319999990
4431404.080	4851756.595	0.2500000000
4431507.132	4169705.994	0.1439999940
4432615.071	4122663.534	0.1430000070
4441692.245	4563632.417	0.1350000050
4442885.278	4246306.869	0.1220000010
4500937.970	4598570.214	0.1459999980
4503363.312	5059309.536	0.2030520740
4510628.980	4911446.963	0.1819999960
4513546.467	4751978.551	0.1599999960
4542826.097	5072460.956	0.1867881570
4565426.118	5140813.357	0.1940000060
4587399.571	5087421.813	0.1790000050
4636571.465	5140703.589	0.1620000000
4664641.197	5124670.536	0.1539999990
4669615.061	5194819.743	0.1870000060
4670935.959	5191285.572	0.1870000060
4727284.440	5169804.224	0.1580000070
4747237.305	5217316.322	0.1879999940
4781388.514	5228670.915	0.1910000000
4834121.483	5255379.068	0.1780000030
4844661.140	5146611.580	0.1480000020
4850502.594	5213105.414	0.1529999970
4870528.727	5124079.985	0.1509999930
4890574.003	5197358.610	0.1500000060
4893609.958	5276573.694	0.1720000060
4929263.443	5216921.130	0.1410000030
5002051.136	5342308.765	0.1650000070
5107944.257	5369967.052	0.1986424330
4599604.726	3431450.846	0.1720000060
4627871.030	3375556.418	0.1550000010
4633789.957	3258817.552	0.1459999980
4677472.384	3305435.633	0.1580000070
4677724.306	3419933.490	0.1509999930
4685180.011	3467017.739	0.1759999990
4700554.698	3216968.995	0.1679999980
4722229.293	3471897.934	0.1679999980
4725716.312	3085273.880	0.2119999970
4727753.490	3103721.509	0.1350000050
4754344.002	3138631.487	0.1490000040
4763470.592	3519036.959	0.1879999940
4765736.502	3421756.329	0.1490000040
4770637.021	3211890.198	0.1480000020
4772057.184	3357097.134	0.1459999980
4785239.016	3278187.112	0.1560000030
4790192.473	3057310.962	0.1449999960
4803501.052	3132660.256	0.1529999970
4805221.720	3541312.352	0.1710000040
4817330.292	3426862.186	0.1550000010
4821970.726	3520691.977	0.1509999930
4877501.289	3216772.101	0.1620000000
4883607.647	3087905.924	0.1509999930
4884591.239	3511044.724	0.1840000000
4889045.729	3534035.932	0.1800000070
4895978.311	3360054.235	0.1470000000
4906217.648	3027092.161	0.1529999970
4911575.902	3267430.542	0.1560000030
4917434.685	3157218.921	0.1580000070
4935299.609	3490718.426	0.1640000050
4959960.593	3117655.521	0.1599999960
4963590.041	3053916.384	0.1509999930
4967053.418	3005821.855	0.1550000010
4968468.640	3221013.431	0.1550000010
4978403.830	3319545.622	0.1560000030
5005255.968	3455916.707	0.1519999950
5005985.706	3184049.427	0.1480000020
5012332.288	3381855.039	0.1550000010
5020074.880	3043571.835	0.1500000060
5043136.880	2957979.914	0.1319999990
5045687.718	2951529.873	0.1819999960
5061786.947	3498336.964	0.1550000010
5067790.407	3284465.026	0.1570000050
5071556.543	3132620.029	0.1470000000
5081111.981	3470097.775	0.1630000030
5090277.681	3002157.842	0.1439999940
5104615.872	3050030.614	0.1519999950
5117611.436	3224762.501	0.1439999940
5144737.322	3131506.266	0.1630000030
5154342.105	3300494.901	0.1500000060
5162425.487	3523001.148	0.1470000000
5165695.903	3022803.116	0.1589999940
5176448.139	3070219.392	0.1500000060
5182119.818	3196139.323	0.1599999960
5197224.231	3413112.498	0.1470000000
5210940.714	3003175.852	0.1509999930
5234913.359	3045024.301	0.1609999980
5248221.235	3149358.795	0.1509999930
5248248.245	3305794.401	0.1500000060
5253520.697	3246765.067	0.1519999950
2639522.361	1756823.461	0.2259999960
2651939.925	1962990.161	0.2000000030
2659426.095	2020194.488	0.2339999970
2664476.323	1946393.249	0.2130000000
2667131.387	1951424.480	0.2130000000
2669683.070	1857488.518	0.2220000030
2673918.346	1942051.088	0.2020000070
2714640.717	2061212.562	0.1940000060
2725297.171	1737533.900	0.2310000060
2753754.462	1850012.774	0.1650000070
2756885.121	1843576.503	0.1650000070
2757012.533	2086709.942	0.1790000050
2762255.557	2173086.327	0.2060000000
2765997.359	1900145.339	0.1650000070
2766103.165	2208364.161	0.2230000050
2766749.502	2254039.367	0.1990000010
2818849.815	2136206.815	0.1850000020
2824193.159	1971640.260	0.1840000000
2831241.362	2032558.085	0.1840000000
2839248.431	2097105.779	0.2160000060
2845612.818	2192521.141	0.1829999980
2937983.557	2231726.409	0.1739999950
5194121.346	2583304.992	0.1690000000
5195255.105	2624717.774	0.1630000030
5221464.152	2730512.080	0.1669999960
5274555.164	2556725.068	0.1580000070
5282953.938	2817813.086	0.1609999980
5304592.409	2762659.310	0.1659999940
5318202.837	2614758.359	0.1560000030
5319489.926	2475206.947	0.1710000040
5328091.198	2667553.491	0.1809999940
5328609.105	2819748.329	0.1650000070
5351466.192	2723988.006	0.1519999950
5353061.655	2855906.682	0.1420000050
5359321.138	2838706.837	0.1490000040
5396508.871	2729107.003	0.1700000020
5410487.470	2624391.818	0.1509999930
5415067.926	2829571.999	0.1819999960
5422498.653	2458036.751	0.1770000010
5428944.802	2711178.806	0.1609999980
5429927.216	2751453.226	0.1620000000
5445655.789	2550620.840	0.1659999940
5513776.150	2452923.697	0.1700000020
5522065.657	2607194.158	0.1910000000
5524937.308	2781838.858	0.1780000030
5525171.577	2712239.554	0.1289999930
5531077.656	2858025.362	0.1679999980
5558191.087	2875937.898	0.1599999960
5590767.492	2515065.758	0.1580000070
5601460.891	2516229.145	0.1690000000
5606996.566	2749527.938	0.1560000030
5635847.947	2596222.845	0.1720000060
5644188.646	2831159.348	0.1630000030
5644791.493	2813606.123	0.1800000070
5663774.875	2776199.875	0.1570000050
5695704.669	2504280.165	0.1690000000
5717598.643	2654082.245	0.1780000030
5784234.586	2639274.661	0.1759999990
5796762.342	2530156.895	0.2220000030
5856737.558	2653753.306	0.2460000070
6025935.449	5503057.992	0.1529999970
6153671.799	5285494.396	0.1490000040
6265259.792	5024392.520	0.1481375400
6278391.968	5461849.154	0.1490000040
6341584.152	5161251.384	0.1490000040
6346551.467	4898625.006	0.1470000000
6350321.040	5395209.045	0.1490000040
6468363.967	4986180.367	0.1470000000
6495578.711	5155632.925	0.1470000000
6564157.057	4726291.614	0.1360000070
6593447.819	4880375.176	0.1360000070
6659708.810	4624057.080	0.1420000050
6676406.169	4963357.627	0.1360000070
6694283.409	4775330.726	0.1499103460
6760108.378	4691419.542	0.1580000070
6786713.229	4533007.436	0.1459999980
6786931.508	4383761.389	0.1529999970
6817386.830	4682845.392	0.1529999970
6831647.369	4602340.300	0.1500000060
6855346.408	4754793.720	0.1538486330
6859264.643	4087315.491	0.1369999950
6898042.822	4303948.658	0.1470000000
6936764.027	4599984.637	0.1410000030
6971156.298	4754808.932	0.1458174880
6982142.198	4110621.385	0.1400000010
6984722.703	4478368.559	0.1589999940
6994778.713	4387030.980	0.1360000070
7002403.936	4676126.895	0.1447327730
7126248.256	4328053.415	0.1410000030
7209482.209	4115953.422	0.1389999990
7297300.854	4265600.932	0.1379999970
7301090.099	4434784.815	0.1410000030
4998301.301	3561922.963	0.1589999940
5201024.798	5193587.552	0.1430000070
5234317.339	5248141.169	0.1560000030
5277776.188	5051062.997	0.1539999990
5299414.755	4828835.913	0.1420000050
5301725.638	5300842.827	0.1780000030
5332676.257	4314669.282	0.1790000050
5333437.531	4677578.377	0.1560000030
5350964.740	5176158.453	0.1550000010
5366807.000	4167574.463	0.1500000060
5379662.467	5029637.784	0.1739999950
5398166.423	3996565.952	0.1449999960
5402113.039	4451142.082	0.1640000050
5439586.439	4257959.110	0.1720000060
5454734.598	3919106.819	0.1509999930
5457934.911	4100102.663	0.1470000000
5459263.333	5141329.503	0.1490000040
5470130.453	4860358.654	0.1669999960
5497217.250	4725037.100	0.1560000030
5538865.488	4638856.511	0.1430000070
5548390.060	4917338.186	0.1822445390
5560900.969	4066664.095	0.1500000060
5575260.018	4520847.295	0.1589999940
5615037.687	5066958.714	0.1770000010
5623494.490	4280076.903	0.1369999950
5626018.086	5382722.245	0.1490000040
5665423.026	4808330.822	0.1509999930
5689198.638	4562511.692	0.1430000070
5693019.034	4005476.248	0.1470000000
5701517.286	5325534.059	0.1529999970
5716679.618	3731942.191	0.1509999930
5717343.495	4102972.205	0.1430000070
5750010.434	4921767.977	0.1459999980
5792129.915	3660190.605	0.1529999970
5795517.288	5369338.169	0.1529999970
5816495.214	4579776.644	0.1449999960
5822456.801	3973825.793	0.1459999980
5823765.730	4132393.132	0.1369999950
5825992.552	4404039.932	0.1480000020
5842137.402	3823709.384	0.1470000000
5851603.154	4998097.619	0.1389999990
5859515.376	4035760.198	0.1430000070
5873104.579	4332223.112	0.1400000010
5898820.320	3536397.124	0.1570000050
5927926.494	4502557.433	0.1430000070
5940335.194	3732010.093	0.1570000050
5961719.737	4225371.920	0.1589999940
5969361.831	4378889.887	0.1430000070
5972480.796	4729833.934	0.1430000070
5987293.312	4608484.119	0.1360000070
5987780.403	2956436.335	0.1589999940
6003076.963	3965805.138	0.1490000040
6009669.993	4941417.170	0.1360000070
6022130.551	5103020.554	0.1426144690
6026134.532	3624265.250	0.1529999970
6042701.246	4150221.125	0.1459999980
6071467.824	3799281.450	0.1490000040
6078874.270	4515233.982	0.1439999940
6082636.092	3505576.978	0.1669999960
6093398.693	4333483.175	0.1410000030
6144888.121	4062444.005	0.1550000010
6154802.936	5012407.026	0.1490000040
6176736.792	3893289.844	0.1529999970
6184497.190	2821386.349	0.1720000060
6194018.584	4740714.169	0.1389999990
6194509.794	3655502.415	0.1490000040
6195453.330	4367998.846	0.1389999990
6234672.451	4541609.810	0.1369999950
6234783.947	4258927.787	0.1850000020
6243206.790	3809920.557	0.1459999980
6275893.540	2788414.261	0.1910000000
6278554.161	3577231.068	0.1490000040
6280763.540	3981043.637	0.1509999930
6303445.931	4428657.212	0.1299999950
6337682.130	4176551.169	0.1620000000
6350094.417	4651897.451	0.1400000010
6352972.785	4296311.101	0.1529999970
6358648.110	3749441.331	0.1449999960
6380964.067	4741339.465	0.1439999940
6398446.304	4391676.607	0.1480000020
6402852.824	3856526.319	0.1430000070
6430101.661	4067689.480	0.1560000030
6442749.119	3432551.319	0.1519999950
6443474.026	2956357.999	0.2080000040
6451874.731	3496584.075	0.1400000010
6471616.147	4259343.473	0.1739999950
6489302.859	4567588.714	0.1509999930
6509991.623	3132383.030	0.1809999940
6529135.502	3675708.208	0.1550000010
6555279.344	2881361.805	0.1780000030
6556649.867	4109965.079	0.1580000070
6560463.440	3891682.808	0.1420000050
6570742.135	4482646.493	0.1480000020
6586903.569	2781319.885	0.2220000030
6587947.900	2995011.064	0.1729999930
6599163.035	3460783.613	0.1630000030
6599644.865	3308920.446	0.1480000020
6643207.052	4284631.341	0.1640000050
6675240.595	2737778.424	0.2370000030
6680614.858	4117623.746	0.1449999960
6698230.238	2937790.335	0.1630000030
6702282.689	3769628.016	0.1710000040
6740397.223	3597158.654	0.1669999960
6742132.255	3434148.864	0.1570000050
6749637.343	4009150.439	0.1439999940
6812479.881	3108002.350	0.1570000050
6847171.501	3827533.601	0.1459999980
6870284.970	2925806.860	0.1480000020
6919980.827	3019464.267	0.1580000070
6922623.085	3459262.458	0.1599999960
6930305.937	3716812.139	0.1449999960
6935691.300	3205057.804	0.1580000070
7041341.096	2860923.160	0.1519999950
7105548.017	3312781.886	0.1669999960
7106341.339	3069397.580	0.1690000000
7242959.821	2965556.186	0.1739999950
5031685.768	2560854.357	0.1690000000
5054015.686	2427452.730	0.1710000040
5071601.422	2491242.197	0.1659999940
5074633.222	2603695.345	0.1800000070
5091772.878	2520022.648	0.1739999950
5103245.211	2342347.364	0.1759999990
5111164.427	2408706.596	0.1700000020
5131989.641	2583511.213	0.1729999930
5132142.875	2295812.415	0.1490000040
5132946.114	2467707.408	0.1800000070
5135303.570	2529733.463	0.1739999950
5147565.858	2467882.486	0.1870000060
5182317.167	2349471.085	0.1609999980
5188058.266	2501830.949	0.1679999980
5192092.026	2425696.008	0.1630000030
5196543.723	2304807.281	0.1949999930
5208537.434	2516167.103	0.1650000070
5230579.420	2474600.421	0.1599999960
5233157.334	2383215.455	0.1570000050
5236298.561	2342526.309	0.1640000050
5275081.427	2410433.333	0.2090000060
5284085.383	2323788.323	0.1700000020
5293866.576	2286021.955	0.1630000030
5298275.263	2238048.109	0.1679999980
5320440.434	2431073.865	0.1720000060
5357719.634	2300398.847	0.1580000070
4855505.412	2813472.087	0.1690000000
4897529.456	2864366.578	0.1580000070
4923493.789	2829881.967	0.1580000070
4933411.417	2784359.047	0.1650000070
4947050.705	2938971.446	0.1480000020
4951776.472	2887241.377	0.1490000040
4979049.612	2823257.820	0.1519999950
4993458.769	2879211.381	0.1439999940
5021600.943	2920218.857	0.2029999940
5022142.634	2963343.350	0.1379999970
5040579.160	2849751.070	0.1529999970
5054635.195	2939656.005	0.1650000070
5063009.965	2950185.089	0.1749999970
5065869.943	2911238.463	0.1430000070
5067432.208	2935818.196	0.1389999990
5143845.759	2902043.441	0.1599999960
5165877.085	2967505.934	0.1490000040
5181382.155	2907951.704	0.1589999940
5196028.698	2940424.415	0.1509999930
4602510.380	2538762.815	0.1720000060
4604053.856	2492525.890	0.1889999960
4606167.169	2605651.096	0.1369999950
4617340.596	2593242.679	0.2349999990
4666286.780	2577455.384	0.1599999960
4670294.039	2561009.857	0.1729999930
4713483.317	2610866.139	0.1550000010
4724130.804	2534845.471	0.1650000070
4724167.719	2583418.594	0.1580000070
4730010.710	2564949.223	0.2140000020
4749220.649	2547785.350	0.1609999980
4757371.822	2613371.625	0.1690000000
4794791.860	2634951.318	0.1669999960
2761891.724	2404618.002	0.2409999970
2773302.563	2428458.191	0.2349999990
2784128.291	1742565.486	0.2210000010
2796281.432	2316006.700	0.2109999950
2801934.409	2337561.506	0.1920000020
2808079.539	2369641.920	0.1759999990
2821132.448	2383532.724	0.1889999960
2823148.356	1744978.437	0.1969999970
2829626.645	2381903.099	0.1790000050
2834577.602	1721678.056	0.2119999970
2841292.135	2433888.347	0.1910000000
2843272.750	2426540.915	0.2199999990
2843909.388	2324375.761	0.1560000030
2849952.792	1975133.780	0.1729999930
2859699.611	2310965.661	0.1609999980
2864574.372	1916922.873	0.1739999950
2864772.426	2279264.698	0.1599999960
2868120.140	1642813.931	0.2520000040
2884335.451	1614929.066	0.2199999990
2886598.915	1670809.875	0.1790000050
2903533.183	1912034.844	0.1720000060
2905943.876	2299901.850	0.1679999980
2909541.533	2466665.766	0.2119999970
2910806.958	2388211.358	0.1599999960
2912236.154	1582835.541	0.2709999980
2915614.271	1739862.020	0.1829999980
2919036.008	1970946.203	0.1829999980
2919994.652	2103111.193	0.1659999940
2933322.009	1707016.119	0.1739999950
2935877.242	1793895.430	0.1770000010
2944970.812	2141093.156	0.1659999940
2946762.056	1906465.542	0.1770000010
2947539.712	1659990.339	0.1949999930
2953032.275	2029646.724	0.1940000060
2955389.143	2425304.080	0.1889999960
2964830.204	1654613.761	0.1879999940
2966017.961	1945735.690	0.1889999960
2966055.980	2312329.753	0.1550000010
2973547.898	2314765.687	0.1630000030
2986932.909	1736455.850	0.1700000020
2995102.928	2283441.637	0.1609999980
3001785.820	1844255.668	0.1710000040
3006880.789	1678134.118	0.1809999940
3007039.124	2121983.398	0.1669999960
3009622.367	1623313.330	0.2630000110
3013191.906	2183025.028	0.1690000000
3013524.697	1768034.067	0.1729999930
3020646.673	2118311.429	0.1609999980
3023124.553	1634972.226	0.2540000080
3024490.152	1639166.975	0.2199999990
3029250.309	2236329.946	0.1739999950
3030372.973	1638043.080	0.2540000080
3032768.723	2411670.361	0.2029999940
3042020.445	2385016.182	0.1749999970
3042815.946	2298375.053	0.1739999950
3043021.955	1817306.135	0.1850000020
3049923.273	2417420.788	0.2560000120
3051525.138	1727586.185	0.1910000000
3059809.591	2405158.163	0.2389999930
3071921.197	1632118.439	0.2649999860
3082070.896	2070850.072	0.1790000050
3087440.320	1945736.476	0.1940000060
3089186.343	2188106.092	0.1690000000
3094131.162	1679211.596	0.1679999980
3094549.331	2139927.092	0.1599999960
3094995.791	2181291.615	0.1700000020
3103060.594	1744163.041	0.2049999980
3108505.831	1623622.864	0.2440000030
3115337.377	1877391.762	0.1800000070
3115570.047	2216795.344	0.1729999930
3120464.111	1977007.651	0.1790000050
3121513.918	2257095.624	0.1650000070
3128799.329	2067459.124	0.1899999980
3133533.337	2094752.589	0.1770000010
3140601.937	2074622.904	0.1979999990
3151626.016	2027507.537	0.1870000060
3154831.640	1619239.548	0.2496674810
3155667.644	1845034.221	0.1829999980
3156176.270	2017292.527	0.1910000000
3156630.278	1923484.199	0.1720000060
3158917.617	2033675.238	0.1770000010
3159514.891	2061716.966	0.1990000010
3160826.255	2366296.095	0.2169999930
3161004.479	2028924.785	0.1770000010
3165958.775	1989258.898	0.1720000060
3171577.544	2318978.721	0.1609999980
3172710.332	2033038.363	0.1720000060
3175626.389	2090667.014	0.1630000030
3182034.634	1659340.411	0.2070000020
3186452.354	2293559.595	0.1609999980
3189006.785	1755142.737	0.1809999940
3192565.925	1788137.183	0.1899999980
3201950.582	2240589.887	0.1630000030
3205400.721	2361546.688	0.1930000040
3208685.387	2048487.401	0.1580000070
3209008.501	2367470.491	0.1930000040
3214915.963	1620371.713	0.2460000070
3241599.429	2242133.466	0.1550000010
3259146.877	1672830.193	0.1990000010
3259456.872	2325379.114	0.1679999980
3269427.133	2344284.848	0.2090000060
3272077.735	2161831.711	0.1470000000
3276798.368	2333606.422	0.1759999990
3283087.431	2284310.714	0.1550000010
3285091.409	1968850.141	0.1809999940
3285766.260	2159527.588	0.1609999980
3286636.635	1698316.515	0.1879999940
3290877.852	1842901.925	0.1819999960
3291336.242	1848422.313	0.1819999960
3291943.374	1671471.896	0.2700000110
3308213.411	2232596.171	0.1620000000
3309384.355	2337399.494	0.2099999930
3314522.090	2317783.686	0.1749999970
3318793.836	2050636.635	0.1500000060
3319368.949	1818002.804	0.1809999940
3321547.845	1758106.561	0.1879999940
3324017.653	2299329.010	0.1599999960
3329307.059	2324698.346	0.1990000010
3330605.301	1726013.948	0.1979999990
3337038.900	1729770.264	0.1979999990
3346304.793	2322760.003	0.2010000050
3347410.118	1683664.228	0.2709999980
3351512.190	1794583.401	0.1780000030
3353023.870	1904185.939	0.1589999940
3354634.259	2198896.608	0.1700000020
3362597.654	2074104.441	0.1659999940
3366160.822	1702010.749	0.2080000040
3367401.354	2325331.889	0.1930000040
3369024.352	2259534.554	0.1620000000
3369068.816	2052808.516	0.1599999960
3374809.405	2193887.400	0.1700000020
3375706.631	1986542.121	0.1589999940
3378574.773	2258754.431	0.1640000050
3393038.280	1753323.885	0.2310000060
3400825.034	1761535.212	0.2409999970
3404292.140	2129158.711	0.1739999950
3410807.185	2035476.018	0.1650000070
3412790.728	2124701.134	0.1809999940
3415008.440	2141172.227	0.1770000010
3418587.972	1883958.511	0.2109999950
3423237.684	1851336.660	0.2119999970
3427136.944	1882399.577	0.2549999950
3442646.889	1818981.984	0.2280000000
3452686.769	2225336.637	0.1669999960
3459011.802	1930144.921	0.2280000000
3465985.785	2167511.857	0.1749999970
3468239.695	2051695.575	0.1700000020
3471850.997	2103353.322	0.1700000020
3509422.330	1992360.567	0.2070000020
3517497.815	2019219.438	0.1819999960
3536982.529	2107879.791	0.1790000050
3540383.890	2001498.915	0.2700000110
3570510.309	1797630.312	0.2440000030
3573752.645	2222422.452	0.1500000060
3579237.755	2048856.616	0.2529999910
3582810.815	2104171.458	0.1850000020
3616059.423	2180235.472	0.1609999980
3655101.232	2056314.059	0.2630000110
3660276.813	2080689.569	0.2029999940
3667198.571	2065120.992	0.3120000060
3674479.863	2155282.659	0.1410000030
3684787.681	1860227.311	0.1990000010
3694331.098	1859894.273	0.1990000010
3709346.953	1886867.801	0.1809999940
3712982.513	2090202.812	0.2070000020
3718004.491	1852778.124	0.1940000060
3719432.842	2118689.360	0.1829999980
3759902.440	1871229.013	0.2123339470
3823857.845	1881338.194	0.2290000020
4378764.977	3977187.694	0.2199999990
4399749.801	3888807.164	0.2689999940
4416694.363	3837882.560	0.2700000110
4427679.241	4467914.536	0.1509999930
4439894.175	3847744.962	0.1720000060
4440217.831	4014625.008	0.1519999950
4449088.651	3947071.822	0.1589999940
4459228.152	4374630.515	0.1379999970
4469993.457	4065664.883	0.1470000000
4478341.293	3707974.206	0.2130000000
4479756.378	3928801.673	0.1560000030
4489765.894	3782294.597	0.1379999970
4493544.092	3662137.634	0.1659999940
4494119.035	4530473.080	0.1480000020
4495994.783	4088723.208	0.1379999970
4499432.574	3916617.803	0.1470000000
4499566.231	3589982.295	0.2160000060
4501634.638	3959379.708	0.1819999960
4509565.960	3857862.602	0.1509999930
4510333.387	4337412.033	0.1280000060
4514513.863	3611020.566	0.1690000000
4518511.934	4411352.029	0.1209999990
4523694.563	4181155.587	0.1299999950
4532528.222	4122275.835	0.1299999950
4536049.766	4383915.492	0.1580000070
4538411.489	4245015.401	0.1270000040
4541184.754	4330471.466	0.1319999990
4550072.111	4516343.025	0.1410000030
4550613.940	3645755.411	0.1599999960
4557207.266	4069334.280	0.1389999990
4558044.172	3756101.998	0.1299999950
4558461.113	4700254.925	0.1299999950
4565768.816	4214484.316	0.1350000050
4574500.961	3983633.353	0.1620000000
4581177.203	3896753.373	0.1435923870
4581948.068	4414747.290	0.1350000050
4585291.854	4528120.897	0.1430000070
4586632.679	4293798.099	0.1470000000
4588933.424	3830353.542	0.1529999970
4592037.759	4578705.145	0.1410000030
4592816.650	4852965.808	0.1490000040
4593829.440	3606409.789	0.1879999940
4600521.869	4031774.848	0.1679999980
4605027.922	4152837.888	0.1529999970
4612917.467	3967609.384	0.1780000030
4615941.493	3759627.162	0.1550000010
4623438.326	3666853.444	0.1910000000
4626599.089	4567381.917	0.1400000010
4627479.997	4263572.856	0.1319999990
4630200.219	3896358.035	0.1470000000
4632948.725	4463383.836	0.1490000040
4639217.221	4974232.116	0.1679999980
4645802.963	4391467.216	0.1430000070
4650244.645	4624694.627	0.1309999970
4659025.199	5052519.656	0.1829999980
4666413.212	4319604.537	0.1400000010
4669054.219	3879252.233	0.1289999930
4670063.807	4222729.978	0.1319999990
4674445.001	4884064.836	0.1430000070
4678143.832	4791107.988	0.1790000050
4678210.108	4581095.047	0.1280000060
4678849.550	3957911.249	0.1550000010
4684743.933	4675924.972	0.1360000070
4685769.090	4737277.117	0.1420000050
4687067.395	3970493.392	0.1580000070
4687809.607	4048055.535	0.1410000030
4688406.417	4011584.680	0.1410000030
4695493.166	4107569.228	0.1400000010
4703709.295	4994976.507	0.1480000020
4705940.437	3862437.310	0.1490000040
4707859.436	4148653.292	0.1410000030
4712495.379	4199406.883	0.1490000040
4717935.038	3695059.316	0.2549999950
4720217.309	4310112.196	0.2179999950
4724547.944	4368339.350	0.2249999940
4725984.123	4696341.233	0.1439999940
4730394.158	4577664.051	0.1439999940
4732543.309	3925637.302	0.1990000010
4733838.133	5023323.571	0.1470000000
4736889.287	4417398.154	0.1990000010
4738342.704	4472397.704	0.1420000050
4740447.010	4631077.779	0.1529999970
4745634.571	4531065.864	0.1340000030
4747922.466	3828359.679	0.1959999950
4748534.057	4051251.833	0.1519999950
4749961.389	4749748.442	0.1470000000
4758813.061	4150573.701	0.1420000050
4766120.444	4677316.446	0.1480000020
4766247.402	4937422.195	0.1299999950
4773226.818	4034356.619	0.1470000000
4775736.262	4483229.479	0.2339999970
4776258.110	3985467.882	0.2579999860
4781324.928	4186487.586	0.1910000000
4784845.995	4927476.195	0.1379999970
4787142.143	4639149.370	0.1420000050
4791598.076	5101404.455	0.1459999980
4804562.053	4886589.502	0.1389999990
4804959.991	4110898.945	0.1449999960
4805041.356	4514904.899	0.2039999960
4816955.735	3785358.592	0.2269999980
4822370.676	4837051.915	0.1360000070
4831239.064	4769208.259	0.1309999970
4848811.536	4960146.054	0.1500000060
4851021.217	3901624.400	0.1979999990
4856703.018	4564191.384	0.2088633480
4858180.502	3956183.828	0.2090000060
4859616.175	4074300.716	0.2489999980
4864574.094	4903587.215	0.1449999960
4865446.858	5007768.055	0.1430000070
4866643.443	4704010.261	0.2230000050
4878394.308	4643823.747	0.2010000050
4898778.358	4740900.262	0.2529999910
4899148.863	4848197.240	0.1439999940
4918210.403	4891840.758	0.1369999950
4923013.545	4789109.180	0.1730635910
4964996.612	4812551.038	0.1700000020
4021020.589	2597514.089	0.2080000040
4022380.712	2578537.635	0.1720000060
4077110.068	2668220.446	0.1620000000
4083647.996	2584564.684	0.1659999940
4087303.979	2637769.105	0.1620000000
4088905.153	2658826.882	0.1850000020
4090009.538	2705483.648	0.1690000000
4092292.389	2608664.150	0.2039999960
4112256.176	2630125.658	0.1729999930
4114805.193	2571135.406	0.1519999950
4125131.736	2579661.986	0.1739999950
4153633.657	2685431.264	0.1589999940
4154424.611	2578735.666	0.1420000050
4157871.638	2619741.852	0.1430000070
4164213.355	2656231.107	0.1899999980
4187751.342	2653404.025	0.2249999940
4192852.786	2607737.277	0.2000000030
4199563.949	2635361.798	0.1410000030
4210888.592	2708462.148	0.1580000070
4212942.786	2697309.590	0.1759999990
4215261.781	2616163.306	0.1949999930
4215740.019	2642814.471	0.1560000030
4220360.415	2600521.085	0.1570000050
4227450.901	2562643.033	0.1920000020
4227502.964	2565973.413	0.2329999950
4233229.665	2622155.454	0.1580000070
4237768.469	2525846.134	0.1780000030
4238776.572	2561359.572	0.1729999930
4239488.496	2594662.992	0.1620000000
4240339.818	2543572.716	0.1969999970
4240883.666	2695728.733	0.1930000040
4259231.379	2594826.331	0.1509999930
4270999.980	2682046.888	0.2160000060
4275702.286	2702004.892	0.1829999980
4285134.905	2639727.750	0.1550000010
4306490.267	2635190.074	0.1959999950
4307147.545	2589656.730	0.2349999990
4308776.650	2632963.381	0.1560000030
4311784.021	2601862.137	0.1480000020
4325623.528	2581869.211	0.1529999970
6632353.397	1778203.990	0.2560000120
6650944.932	1769157.560	0.2360000010
6686949.536	1713598.852	0.2430000010
6730379.101	1764555.175	0.1990000010
6732943.035	1891310.192	0.2020000070
6754093.740	1478263.199	0.1889999960
6762974.650	1649154.554	0.2010000050
6765302.946	1577709.850	0.1729999930
6861182.680	2002713.405	0.1729999930
6882723.354	1755309.257	0.1899999980
6894588.289	1924600.698	0.1910000000
7012348.625	1899349.183	0.1969999970
7017377.752	2044043.524	0.1770000010
7034099.945	2117971.604	0.1800000070
7110750.792	1833112.640	0.1920000020
4149411.283	1211074.655	0.1899999980
4200415.050	1389276.020	0.1739999950
4202896.749	1453342.653	0.1690000000
4208733.735	1543091.632	0.1860000040
4210967.058	1264701.898	0.1790000050
4212511.799	1491678.148	0.1620000000
4213593.147	1346966.328	0.1659999940
4224007.838	1185953.142	0.1860000040
4247422.188	1518724.302	0.1620000000
4253599.500	965046.306	0.1720000060
4263410.046	1445262.274	0.1659999940
4273323.758	1328016.799	0.1669999960
4303113.240	1575224.541	0.1879999940
4328536.506	1485337.876	0.1800000070
4330144.002	1401074.514	0.1790000050
4330364.598	1205397.559	0.2049999980
4341989.082	1529368.537	0.2010000050
4359214.336	1034039.023	0.1679999980
4363667.662	1099678.240	0.1739999950
4366572.212	1147120.184	0.1780000030
4384287.878	1297048.531	0.2290000020
4384301.404	1489294.824	0.2169999930
4389578.829	1401401.532	0.2080000040
4392812.631	1203926.624	0.1809999940
4418433.742	1531860.559	0.2409999970
4418758.160	1383431.236	0.1969999970
5670825.721	2040849.576	0.2259999960
5693490.334	2214185.543	0.1729999930
5713621.270	2044477.942	0.2130000000
5746088.965	2233819.836	0.1850000020
5756994.788	1959592.788	0.2119999970
5777378.841	1996372.789	0.2070000020
5777625.326	1937774.560	0.2259999960
5789470.027	2158536.370	0.2230000050
5801117.728	1880715.555	0.1899999980
5815774.566	1874610.629	0.2259999960
5818050.673	1856231.068	0.1899999980
5834381.931	1899752.745	0.1920000020
5835519.343	1814880.591	0.2440000030
5839580.626	2094548.753	0.1889999960
5852037.026	2017743.392	0.1749999970
5862839.470	1940615.852	0.1800000070
5869898.049	1728354.823	0.2220000030
5887516.480	1825202.953	0.1910000000
5893467.303	2182305.538	0.2370000030
5903900.523	2217468.754	0.2150000040
5909598.854	2205561.709	0.2280000000
5933760.323	2102928.781	0.1860000040
5935020.590	2183519.482	0.2109999950
5939237.538	2159772.573	0.2160000060
5946651.401	1725849.095	0.2310000060
5946789.055	1767574.868	0.1930000040
5970948.879	2118410.725	0.1669999960
5984203.550	2171749.010	0.1910000000
5984780.383	2192986.573	0.1739999950
5994922.764	1844233.242	0.1889999960
5995173.652	1720810.694	0.2150000040
5999464.357	1948283.543	0.1879999940
6008806.275	2119012.955	0.1809999940
6028111.328	2039997.477	0.1679999980
6028614.541	2197370.466	0.1870000060
6068089.436	2093175.498	0.1710000040
6088091.036	2220065.798	0.1759999990
6099156.446	1981012.986	0.1720000060
6102827.139	1880557.128	0.1720000060
6104768.369	1860062.452	0.1819999960
6121065.721	1874121.354	0.1780000030
6121296.248	2301320.310	0.2489999980
6124103.559	1708811.914	0.2290000020
6126031.283	2219615.068	0.1659999940
6157169.529	1782799.121	0.2169999930
6158368.987	2333906.739	0.1840000000
6160041.781	1783601.044	0.2590000030
6195381.402	2294937.771	0.1580000070
6224087.656	2171981.946	0.1700000020
6237080.209	2162450.511	0.1749999970
6243022.269	2162362.623	0.1749999970
6253389.719	2167557.431	0.1860000040
6257836.841	2188374.456	0.1720000060
6262023.827	2407915.482	0.2109999950
6277812.769	1781151.870	0.2980000080
6281775.035	2342157.583	0.1519999950
6284460.327	1946890.290	0.1870000060
6292741.440	2256008.419	0.1580000070
6297852.624	2030333.261	0.1790000050
6308038.192	2173350.596	0.1829999980
6362893.319	1753081.282	0.2610000070
6363265.135	1882555.618	0.1889999960
6368514.403	2450160.636	0.2500000000
6369919.399	1643638.406	0.2020000070
6383026.062	2116179.794	0.1840000000
6397388.810	2031332.521	0.1990000010
6401201.679	2286653.526	0.1550000010
6413240.659	2204564.026	0.1870000060
6419109.513	1666524.896	0.2630000110
6424672.573	1937266.368	0.1870000060
6441514.450	2336228.103	0.1630000030
6443835.027	2074210.820	0.1870000060
6448720.204	1815119.647	0.2370000030
6454047.045	1665993.442	0.2249999940
6463150.322	2004644.639	0.1899999980
6469505.243	2322627.326	0.1710000040
6495610.570	1879218.502	0.3149999980
6497619.298	2116317.700	0.1659999940
6503743.390	2406351.416	0.1930000040
6536996.137	2173609.372	0.1650000070
6538599.309	2306458.507	0.1700000020
6546190.265	1917971.184	0.2189999970
6555486.852	1923167.300	0.2109999950
6593899.434	2261841.485	0.1749999970
6618944.913	2418691.584	0.2090000060
6632305.596	1901464.244	0.2700000110
6659112.295	2426683.620	0.2099999930
6662166.896	2032402.120	0.2000000030
6715986.011	1991456.536	0.1850000020
6727062.471	2156316.852	0.1700000020
6749040.773	2155045.208	0.2000000030
6759237.517	2478050.664	0.2020000070
6760769.839	2414168.584	0.1560000030
6768094.083	2090934.674	0.1990000010
6794420.237	2335654.485	0.1650000070
6817861.363	2212858.292	0.1690000000
6819422.873	2508000.506	0.1959999950
6819518.990	2275772.675	0.1809999940
6830225.198	2042037.218	0.2010000050
6874144.515	2577180.497	0.1739999950
6904807.087	2281825.603	0.1860000040
6912317.678	2567994.539	0.1739999950
6913700.322	2417541.302	0.1589999940
6919145.035	2168966.210	0.1739999950
6984995.627	2126767.973	0.2230000050
6990739.460	2303531.368	0.1809999940
6993028.123	2201031.214	0.1679999980
7035609.028	2547769.790	0.1589999940
7058437.812	2234447.164	0.2049999980
7062911.341	2305873.296	0.1930000040
7068480.640	2462432.809	0.1759999990
7137019.101	2518579.872	0.1780000030
7146223.959	2343131.958	0.2070000020
7217629.700	2266383.281	0.2060000000
5220690.580	2910658.403	0.1620000000
5230304.065	2942428.353	0.1509999930
5233365.533	2924111.518	0.1539999990
5254998.548	2869449.502	0.1700000020
5262017.660	3049876.653	0.1580000070
5266334.352	2977036.389	0.1389999990
5275305.729	3243340.775	0.1539999990
5275843.702	3067521.514	0.1580000070
5287000.058	3105532.665	0.1529999970
5296949.789	3005306.027	0.1410000030
5299080.361	2932024.357	0.1379999970
5302128.541	2949585.858	0.1360000070
5303278.254	2970578.050	0.1940000060
5304338.840	2874459.819	0.1580000070
5312344.048	2913706.887	0.1470000000
5318144.795	3062292.736	0.1550000010
5322206.930	3178636.122	0.1529999970
5323081.529	2997006.427	0.1519999950
5338968.712	3225662.555	0.1509999930
5340263.895	3098827.315	0.1539999990
5364520.965	2980484.907	0.1659999940
5367965.640	2975486.367	0.1659999940
5368352.950	3283118.223	0.1509999930
5372728.466	2872283.553	0.1439999940
5380347.761	2898394.893	0.1400000010
5392504.935	2887553.219	0.1930000040
5395332.585	3245147.564	0.1519999950
5396174.623	3110282.853	0.1470000000
5397024.836	3034482.643	0.1539999990
5406678.108	3180986.578	0.1580000070
5422863.446	2937346.144	0.1430000070
5430955.200	3152007.935	0.1519999950
5436066.144	3122656.420	0.1620000000
5445404.558	3056167.208	0.1580000070
5450906.187	2867290.729	0.1299999950
5453040.396	3177881.897	0.1550000010
5468808.763	3261683.296	0.1509999930
5476033.806	3112513.506	0.1589999940
5489159.531	2932536.510	0.1659999940
5525502.316	3146930.588	0.1570000050
5537489.248	2975848.684	0.1609999980
5540534.910	3066342.483	0.1679999980
5541512.110	3271532.076	0.1500000060
5555585.823	3204034.783	0.1609999980
5575301.093	3007704.189	0.1659999940
5603683.631	3097074.060	0.1599999960
5613900.579	3301663.040	0.1509999930
5615244.200	3259618.998	0.1570000050
5622421.027	2973251.278	0.1550000010
5632369.262	3040965.282	0.1720000060
5640954.344	3183553.537	0.1620000000
5659363.740	3072878.008	0.1690000000
5662479.346	3143008.696	0.1580000070
5685580.837	3249645.498	0.1459999980
5711847.150	3324836.751	0.1519999950
5726458.528	3189456.138	0.1630000030
5727762.278	3041002.395	0.1580000070
5750104.767	3157410.253	0.1580000070
5757339.549	2689043.198	0.1739999950
5761255.720	3236257.100	0.1759999990
5763792.867	3103190.033	0.1620000000
5765570.829	3301669.372	0.1570000050
5773619.400	3364461.410	0.1599999960
5773733.824	3001516.432	0.1589999940
5782075.658	2659001.902	0.1759999990
5787442.963	3053749.019	0.1560000030
5790463.615	3237075.425	0.1640000050
5804239.233	2892141.416	0.1720000060
5813486.619	3166120.008	0.1570000050
5813660.788	3245986.926	0.1539999990
5816873.162	2955629.615	0.1640000050
5817598.205	3389749.699	0.1519999950
5824572.568	3101356.413	0.1630000030
5825610.961	2745627.609	0.1570000050
5830213.889	3333063.352	0.1550000010
5832698.302	2844067.254	0.1770000010
5837027.320	3468470.251	0.1439999940
5837769.886	2677664.004	0.2029999940
5846877.981	3183956.999	0.1580000070
5850666.815	3241722.086	0.1580000070
5852564.462	2989188.493	0.1589999940
5872815.676	2778071.563	0.2240000070
5876224.485	3432174.496	0.1560000030
5876421.993	2875901.856	0.1640000050
5877918.513	3293330.267	0.1560000030
5878621.416	3123472.718	0.1500000060
5883869.613	3189534.751	0.1599999960
5884678.922	3090230.034	0.1570000050
5885963.433	3020496.693	0.1650000070
5893682.659	3161342.932	0.1539999990
5894983.473	2813462.905	0.1930000040
5901863.170	2947474.628	0.1599999960
5910001.137	3380394.687	0.1589999940
5929815.265	3483817.417	0.1490000040
5933284.137	3068231.438	0.1589999940
5940233.591	3244858.039	0.1669999960
5940896.317	3444137.132	0.1570000050
5942796.361	3336231.510	0.1599999960
5944284.002	3018933.734	0.1570000050
5946810.630	2850169.270	0.1920000020
5947162.989	3139179.262	0.1669999960
5959327.566	3099994.328	0.1599999960
5962878.664	2903741.105	0.1700000020
5970306.757	3209585.114	0.1609999980
5986179.092	3038115.834	0.1609999980
5988535.811	3148774.836	0.1780000030
5992416.003	3305769.945	0.1620000000
6013103.767	2827714.656	0.1889999960
6017873.151	3340357.996	0.1519999950
6020224.149	3372920.457	0.1560000030
6020292.911	2874886.948	0.1690000000
6020645.476	3039539.206	0.1650000070
6049423.824	2964618.616	0.1609999980
6050306.162	3181525.574	0.1690000000
6054776.613	3098192.072	0.1560000030
6058010.475	3237629.907	0.1669999960
6065941.393	2758520.354	0.2070000020
6073247.846	2909669.434	0.1819999960
6094859.623	3280596.237	0.1599999960
6101753.041	3324929.892	0.1599999960
6103735.878	2833418.073	0.2080000040
6121797.168	2886600.165	0.1599999960
6122714.790	3141694.498	0.1650000070
6123065.723	3021073.914	0.1780000030
6126225.549	2738889.770	0.1959999950
6126848.448	3236567.488	0.1659999940
6134703.202	2773059.518	0.1710000040
6134866.798	3169893.208	0.1609999980
6136134.177	2824583.328	0.1889999960
6145216.815	2941898.897	0.1550000010
6150537.159	3315224.296	0.1609999980
6155174.290	3058133.979	0.1690000000
6157578.215	2690444.567	0.2259999960
6165226.991	3127278.234	0.1630000030
6172130.603	2809256.352	0.1589999940
6181251.866	2716004.483	0.1640000050
6184802.133	3156384.162	0.1519999950
6191430.158	3286787.963	0.1560000030
6196767.363	3009633.266	0.1589999940
6199161.325	2879783.220	0.1979999990
6199970.277	2704654.123	0.1620000000
6203903.603	3207486.730	0.1620000000
6204623.747	2676758.890	0.2399999950
6209201.512	2684205.907	0.2409999970
6213883.590	2717273.519	0.1949999930
6213966.092	2851397.849	0.2049999980
6214317.322	2689887.328	0.2329999950
6214862.506	2964583.484	0.1700000020
6218161.469	2801526.585	0.1539999990
6222184.954	2755590.810	0.1550000010
6222364.972	2712311.478	0.2010000050
6227454.663	3124483.757	0.1650000070
6229325.091	3357909.599	0.1500000060
6231343.552	3181949.188	0.1599999960
6246285.391	3075696.663	0.1480000020
6254779.417	2961299.376	0.1780000030
6259242.210	3263071.492	0.1439999940
6264707.380	3042722.460	0.1620000000
6267817.896	3320921.385	0.1490000040
6271812.700	2755289.820	0.2150000040
6280635.732	2774273.599	0.2049999980
6292481.692	3365393.445	0.1480000020
6300507.129	2833066.643	0.2450000050
6307670.115	3310900.112	0.1459999980
6316653.332	2998590.969	0.2160000060
6324693.665	3099965.049	0.1710000040
6328786.278	3220460.106	0.1459999980
6335552.453	3158634.656	0.1650000070
6343031.362	2840937.744	0.1959999950
6358069.332	3042836.233	0.1949999930
6366722.455	3349892.071	0.1449999960
6369493.604	3206840.861	0.1690000000
6397771.123	3151737.303	0.1710000040
6409987.124	3329806.968	0.1369999950
6415567.905	3252658.681	0.1470000000
6452941.816	3209628.286	0.1749999970
3161214.162	3107617.277	0.2469999940
3187636.512	3616516.161	0.1439999940
3200229.794	3648744.733	0.1280000060
3236109.119	3125653.069	0.2090000060
3237964.503	3110040.491	0.2160000060
3245370.951	3677891.853	0.1420000050
3248392.402	3638083.283	0.1420000050
3255738.844	3581266.480	0.1470000000
3274536.802	3649131.559	0.1470000000
3283867.403	3623639.937	0.1509999930
3285410.027	3932874.224	0.1949999930
3288356.086	3147041.143	0.1710000040
3289227.032	3284619.530	0.2039999960
3291543.302	3832686.630	0.2130000000
3301472.528	3679206.072	0.1620000000
3308357.923	3734944.833	0.1770000010
3323341.693	3122981.964	0.1969999970
3331379.844	3324983.841	0.1739999950
3334340.291	3398361.978	0.2310000060
3335467.780	3276019.050	0.1749999970
3335982.891	3700895.790	0.1780000030
3336734.170	3204384.082	0.1679999980
3358156.265	3446029.181	0.2010000050
3358259.472	3254452.595	0.2060000000
3369492.392	3627165.229	0.1640000050
3370170.242	4010791.149	0.1930000040
3370751.522	3538636.519	0.2039999960
3373819.286	3196975.183	0.1589999940
3375067.864	3900025.571	0.1470000000
3377025.287	3339179.760	0.1410000030
3391823.039	3229715.174	0.1850000020
3393566.587	3304080.739	0.1430000070
3393642.535	3421210.979	0.1500000060
3394613.670	3167379.456	0.1640000050
3400275.783	3963240.843	0.1550000010
3406621.587	3694407.934	0.1609999980
3412018.156	3002672.433	0.2280000000
3417805.356	3378288.219	0.1580000070
3418657.907	3736381.125	0.1490000040
3425453.980	3433845.690	0.1570000050
3426372.423	3608803.116	0.2109999950
3430428.363	3843390.587	0.1250000000
3438706.208	3176004.978	0.1509999930
3439758.020	3939340.477	0.1270000040
3442456.250	3119951.554	0.2500000000
3445104.150	3572950.152	0.2090000060
3446133.178	3314756.559	0.1360000070
3448768.865	3296190.195	0.1529999970
3452522.108	3231363.619	0.1739999950
3457720.921	3417368.893	0.1410000030
3459649.495	3525722.950	0.1990000010
3459827.113	3454781.041	0.1599999960
3461351.402	3696030.235	0.1379999970
3471669.737	3372713.356	0.1400000010
3476178.923	3578126.480	0.1360000070
3476740.095	3772515.923	0.1319999990
3479241.021	3995245.059	0.1209999990
3487461.058	3655265.776	0.1280000060
3490111.047	3869957.340	0.1199999970
3490428.934	3142025.469	0.1640000050
3491991.560	3724946.106	0.1449999960
3492578.502	3222644.111	0.1539999990
3495919.073	3938234.299	0.1420000050
3499961.245	3187531.299	0.1529999970
3501136.820	3294690.163	0.1410000030
3503122.820	3182689.990	0.1529999970
3503840.090	3560202.999	0.1330000010
3515552.723	3179363.085	0.1519999950
3515741.944	3915400.242	0.1379999970
3515998.215	3426670.846	0.1369999950
3519444.258	3258959.652	0.1449999960
3522452.988	3564480.263	0.1420000050
3523116.521	3402186.485	0.1509999930
3523250.000	3619073.199	0.1350000050
3524301.809	3114039.265	0.2339999970
3525089.212	3246507.301	0.1500000060
3530591.265	3768107.755	0.1550000010
3530712.781	3327475.964	0.1410000030
3531519.232	3919347.628	0.1430000070
3543246.971	3475474.440	0.1420000050
3544517.690	3641777.132	0.1280000060
3546388.852	3845344.829	0.1199999970
3546582.539	3689576.201	0.1369999950
3552487.935	3309934.846	0.1400000010
3554890.594	3135435.052	0.1860000040
3555693.502	3225719.614	0.1389999990
3559584.185	3182521.976	0.1529999970
3560414.048	3997746.997	0.1780000030
3564647.140	3608201.584	0.1389999990
3569255.513	3380283.051	0.1449999960
3572947.389	3185530.526	0.1449999960
3573655.937	3525732.224	0.1360000070
3576055.647	3813648.187	0.1739999950
3576728.422	3230037.119	0.1539999990
3578311.946	3506159.238	0.1309999970
3581074.749	3513250.016	0.1309999970
3581800.195	4050483.952	0.1729999930
3586584.371	3851435.236	0.1550000010
3586952.922	3471212.201	0.1379999970
3587454.262	3495307.679	0.1410000030
3589702.803	3649279.178	0.1609999980
3597942.260	3204390.125	0.1470000000
3598600.829	3131460.021	0.1860000040
3601282.720	3211417.700	0.1470000000
3601599.018	3905419.293	0.1620000000
3604156.737	3344274.020	0.1490000040
3607654.982	3165487.869	0.1430000070
3608746.037	3286568.499	0.1439999940
3615181.717	3328914.260	0.1459999980
3619401.081	3375831.501	0.1439999940
3619770.910	3180664.051	0.1599999960
3620544.882	3406497.122	0.1449999960
3620598.080	3391652.490	0.1500000060
3621115.317	3547956.563	0.1519999950
3622489.336	3204662.965	0.1599999960
3636737.572	3467181.448	0.1430000070
3641936.626	3131633.164	0.1800000070
3642448.563	3379333.834	0.1430000070
3657624.418	3489752.917	0.1669999960
3659232.241	3351447.192	0.1480000020
3664680.939	4101983.101	0.2419999990
3665781.946	3241454.908	0.1470000000
3671086.270	3374757.153	0.1550000010
3684618.590	3323688.988	0.1470000000
3687086.385	3199812.978	0.1729999930
3700963.209	4164454.527	0.2189999970
3703431.762	3261384.102	0.1509999930
3718991.004	3173446.718	0.1790000050
3725989.290	3352132.840	0.1630000030
3729937.049	4228736.169	0.1990000010
